"angdrc" 0 0 0 0 0 0 0 0 518.020153045654 458.963990211487 0 0 808.546900749207 3382.30443000793 4013.06295394897 862.980782985687 0 0
"argentina" 0 0 0 39.6336540579796 61.0176138579845 46.7955395579338 599.470257759094 0 261.297881603241 544.819593429565 516.563355922699 55.8716207742691 0 0 0 0 0 0
"bolivia" 0 0 0 0 0 0 -7.33557622879744 -5.91977406293154 -28.7679545581341 -67.357636988163 0 0 -107.630111277103 -912.850141525269 -476.527601480484 -137.522086501122 0 0
"brasil" 0 0 0 0 0 0 -1325.36923885345 0 0 0 0 0 -8073.22120666504 4146.80528640747 390.87450504303 0 0 0
"colombia" 0 0 0 0 0 0 -236.797168850899 -5.51385944709182 0 0 0 0 -675.675511360168 -85.5759382247925 -6.42568990588188 0 0 0
"ghana" 0 0 0 0 0 0 0 0 0 0 0 0 1652.39274501801 1474.18463230133 14.3194533884525 0 0 0
"ivorycoast" 0 0 0 0 0 0 0 0 0 0 0 0 59914.852142334 7852.02503204346 -881.615817546844 0 0 0
"indonesia" 0 0 0 0 0 0 0 0 0 0 0 0 1543.9772605896 60.8027577400208 116.504266858101 0 0 0
"madagascar" 0 0 0 0 0 0 0 0 0 0 0 0 22083.4770202637 1417.41585731506 773.335695266724 0 0 0
"malasya" 0 0 0 0 0 0 0 0 0 0 0 0 -205.706939101219 0 0 0 0 0
"mozambique" 0 0 0 0 0 0 0 0 0 0 0 0 0 1127.59351730347 2391.24178886414 680.464267730713 0 0
"myanmar" 0 0 0 0 0 0 90.1669710874557 741.950869560242 0 0 0 0 0 2032.45186805725 850.122630596161 0 0 0
"nigeria" 0 0 0 0 0 0 0 0 0 0 0 0 3413.34867477417 22246.2387084961 1342.72265434265 0 0 0
"paraguay" 0 0 0 0 0 0 33.9062698185444 0 0 0 0 0 -138.244032859802 0 0 0 0 0
"peru" 0 0 0 0 0 0 2021.07405662537 2662.29200363159 1221.22204303741 1411.42320632935 3428.46751213074 191.503375768661 5711.7395401001 662.026643753052 520.028173923492 455.4203748703 243.441566824913 148.980900645256
"uruguay" 0 0 0 0 0 0 0 0 0 0 0 0 0 0 0 0 0 0
"venezuela" 0 0 0 0 0 0 0 0 0 0 0 0 -35.2368354797363 -52.0852170884609 -9.22142621129751 0 -0.824132701382041 0
"newzealand" 0 0 3.18983802571893 0 0 0 1381.64615631104 505.175292491913 0 0 0 0 0 0 0 0 0 0
"oceania" 0 0 0 0 0 0 860.134482383728 1279.9164056778 1000.07915496826 90.6623750925064 0 0 16.3538176566362 700.233101844788 62.8955215215683 0 0 0
"china" 0 0 0 1194.19395923615 0 12.4662108719349 8104.35485839844 8080.51109313965 5798.43521118164 3344.64311599731 11.0233072191477 3.57223441824317 182.047992944717 318.303793668747 0 0 0 0
"japan" 0 0 0 -170.896857976913 0 0 -2849.25603866577 -3805.0422668457 -5755.90515136719 -387.347102165222 0 0 0 0 0 0 0 0
"korea" 0 0 0 0 0 0 0 -1118.82126331329 -454.886943101883 0 0 0 0 0 0 0 0 0
"india" 0 0 0 0 0 0 1042.56403446198 469.048738479614 344.585716724396 661.614537239075 201.125606894493 0 0 2816.79487228394 17673.9406585693 9779.11186218262 481.454581022263 0
"eastasia" 0 0 0 473.325252532959 45.8706989884377 0 0 78.7794142961502 6238.26217651367 420.041590929031 0 0 278.85690331459 0 0 0 0 0
"seasia" 0 0 0 0 0 0 880.757570266724 331.630289554596 2.59402161464095 0 0 0 9365.16189575195 8134.02366638184 6595.90435028076 0 0 0
"southasia" 0 0 0 0 0 0 0 82.9145237803459 863.484740257263 1.16195227019489 0.164883502293378 0 405.412495136261 2541.1581993103 1199.89514350891 0 0 0
"us" 0 0 0 -0.691249617375433 -251.394897699356 -7.70701887086034 -29676.2447357178 -33591.2246704102 -59629.1885375977 -6424.1738319397 -7108.25443267822 -134.065091609955 0 0 0 0 0 0
"canada" 0 0 1387.69638538361 52217.456817627 15444.8862075806 0 0 456.933498382568 87657.0663452148 153823.669433594 36899.2729187012 0 0 0 0 0 0 0
"mexico" 0 0 0 0 0 0 155.421450734138 597.234547138214 3573.57549667358 970.896124839783 33.4731824696064 -129.779279232025 2737.65325546265 4838.04607391357 3720.458984375 2109.96341705322 -6.22467836365104 0
"latinamer" 0 80.8859020471573 597.832202911377 746.351718902588 1630.27715682983 96.2206274271011 3412.06312179565 2612.69164085388 2308.66050720215 1497.16591835022 856.516003608704 315.321773290634 25794.0292358398 13776.816368103 6019.27947998047 310.221701860428 204.988539218903 0
"eu27" 0 0 -23.3818255364895 -35450.0198364258 -636.659204959869 0 -13538.8641357422 -80341.9952392578 -314795.471191406 -37178.0395507812 0 0 0 0 0 0 0 0
"uk" 0 0 -36.6928093135357 -9.04335640370846 0 0 -129.470989108086 -2287.20593452454 -4101.19533538818 0 0 0 0 0 0 0 0 0
"russia" 0 0 0 18037.5671386719 5781.34441375732 375.986039638519 0 68.856880068779 5098.98471832275 15432.8346252441 2243.71933937073 0 0 0 0 0 0 0
"efta" 0 0 -88.134840130806 -1099.66731071472 189.462304115295 0 0 0 -591.708660125732 0 0 0 0 0 0 0 0 0
"mena" 0 0 0 3.83510114625096 26.0146800428629 0 0 296.777069568634 8123.76117706299 14171.3333129883 4273.82326126099 14.6425943821669 0 0 0 0 0 0
"ssa" 0 0 0 0 0 0 0 10574.0871429443 6845.53241729736 1218.06240081787 54.8771470785141 0 41075.4547119141 60139.3966674805 53450.3402709961 8630.17272949219 357.145220041275 0
"restofworld" 0 0 5.99307240918279 424.178898334503 1459.10680294037 77.8748095035553 520.27416229248 2623.06118011475 46499.0196228027 13303.9197921753 38.462970405817 0 0 0 0 0 0 0
