"angdrc" 0 0 0 0 0 0 0 0 569.296061992645 513.450086116791 0 0 641.796350479126 3316.25986099243 4437.46757507324 975.368320941925 0 0
"argentina" 0 0 0 46.349436044693 71.3662505149841 54.7316037118435 592.463612556458 0 140.135169029236 552.50358581543 599.095821380615 65.3546079993248 0 0 0 0 0 0
"bolivia" 0 0 0 0 0 0 -34.4458445906639 -69.0970793366432 -194.52303647995 -425.737798213959 0 0 -637.533366680145 -3619.41814422607 -2369.16565895081 -907.832503318787 0 0
"brasil" 0 0 0 0 0 0 -2680.23204803467 0 0 0 0 0 -15246.7575073242 688.179731369019 -186.798125505447 0 0 0
"colombia" 0 0 0 0 0 0 -10582.820892334 -317.753851413727 0 0 0 0 -96377.197265625 -4263.32998275757 -256.99383020401 0 0 0
"ghana" 0 0 0 0 0 0 0 0 0 0 0 0 1515.47408103943 1511.24918460846 17.7181996405125 0 0 0
"ivorycoast" 0 0 0 0 0 0 0 0 0 0 0 0 64396.3470458984 9320.56045532227 -822.956562042236 0 0 0
"indonesia" 0 0 0 0 0 0 0 0 0 0 0 0 644.597172737122 28.1426534056664 26.207085698843 0 0 0
"madagascar" 0 0 0 0 0 0 0 0 0 0 0 0 22770.8740234375 1469.04194355011 802.178800106049 0 0 0
"malasya" 0 0 0 0 0 0 0 0 0 0 0 0 661.995470523834 0 0 0 0 0
"mozambique" 0 0 0 0 0 0 0 0 0 0 0 0 0 1615.36073684692 3500.74696540833 997.402191162109 0 0
"myanmar" 0 0 0 0 0 0 103.29157859087 857.701301574707 0 0 0 0 0 2355.85689544678 993.188261985779 0 0 0
"nigeria" 0 0 0 0 0 0 0 0 0 0 0 0 3726.55653953552 24153.9268493652 1476.90272331238 0 0 0
"paraguay" 0 0 0 0 0 0 -3.55880777351558 0 0 0 0 0 -320.01668214798 0 0 0 0 0
"peru" 0 0 0 0 0 0 -43982.3303222656 -55623.893737793 -26148.1895446777 -29919.2485809326 -71398.5748291016 -4198.62651824951 -35289.8406982422 -10241.4598464966 -11558.3057403564 -9507.9231262207 -5244.84634399414 -3187.11948394775
"uruguay" 0 0 0 0 0 0 0 0 0 0 0 0 0 0 0 0 0 0
"venezuela" 0 0 0 0 0 0 0 0 0 0 0 0 -225.951656699181 -285.111427307129 -54.7089949250221 0 -3.64148616790771 0
"newzealand" 0 0 -16.7161077260971 0 0 0 -2588.2089138031 -1019.07086372375 0 0 0 0 0 0 0 0 0 0
"oceania" 0 0 0 0 0 0 -1062.43467330933 -1743.94965171814 -1258.16774368286 -118.819691240788 0 0 -15.0808310136199 -693.975627422333 -86.7482870817184 0 0 0
"china" 0 0 0 2356.0483455658 0 31.4521417021751 14968.97315979 12483.2916259766 9254.12750244141 6913.70296478271 27.0278602838516 9.11666825413704 294.424712657928 617.26313829422 0 0 0 0
"japan" 0 0 0 -142.984509468079 0 0 -2383.82625579834 -3195.71971893311 -4811.19537353516 -324.323832988739 0 0 0 0 0 0 0 0
"korea" 0 0 0 0 0 0 0 -847.137629985809 -339.747965335846 0 0 0 0 0 0 0 0 0
"india" 0 0 0 0 0 0 1067.9589509964 484.746128320694 350.414574146271 653.688371181488 200.880438089371 0 0 2914.06512260437 18180.5305480957 9992.30766296387 487.747877836227 0
"eastasia" 0 0 0 544.973909854889 56.8183250725269 0 0 81.1994522809982 6637.92943954468 479.322016239166 0 0 291.575312614441 0 0 0 0 0
"seasia" 0 0 0 0 0 0 1050.00364780426 400.352865457535 2.99222767353058 0 0 0 11292.5624847412 9777.68802642822 7649.10316467285 0 0 0
"southasia" 0 0 0 0 0 0 0 63.6604055762291 690.36203622818 0.899701961316168 0.22460515901912 0 378.191590309143 2174.24988746643 994.564056396484 0 0 0
"us" 0 0 0 1.36147509329021 328.957200050354 46.5229600667953 -32583.4426879883 -35559.0362548828 -63069.9462890625 -5703.37581634521 -3264.53495025635 457.540959119797 0 0 0 0 0 0
"canada" 0 0 -968.937039375305 -37863.8725280762 -11704.8854827881 0 0 -379.771947860718 -70890.5334472656 -123833.267211914 -23502.5100708008 0 0 0 0 0 0 0
"mexico" 0 0 0 0 0 0 -139.607012271881 -535.563945770264 -3353.45888137817 1601.91369056702 807.317614555359 528.83505821228 -2757.87711143494 -4834.42974090576 -2548.94399642944 578.074932098389 217.316567897797 0
"latinamer" 0 95.4184904694557 705.796599388123 880.897045135498 1923.61927032471 113.465785980225 4055.57727813721 3091.03322029114 2728.4779548645 1770.60461044312 1011.35635375977 371.966570615768 30533.2412719727 16261.7206573486 7073.073387146 368.161082267761 244.342714548111 0
"eu27" 0 0 -22.5655809044838 -34598.8578796387 -615.543842315674 0 -13247.7426528931 -78319.5419311523 -305149.475097656 -35810.905456543 0 0 0 0 0 0 0 0
"uk" 0 0 -3.99689096957445 -6.09521521255374 0 0 -115.540251135826 -2072.32403755188 -3720.71862220764 0 0 0 0 0 0 0 0 0
"russia" 0 0 0 24129.2419433594 7795.87888717651 519.495248794556 0 92.6812365651131 6840.33584594727 20762.3443603516 3026.82256698608 0 0 0 0 0 0 0
"efta" 0 0 -82.5978070497513 -1043.30098628998 192.107528448105 0 0 0 -546.341240406036 0 0 0 0 0 0 0 0 0
"mena" 0 0 0 3.7305997684598 25.0729769468307 0 0 280.791312456131 7561.9592666626 13425.1928329468 4178.79581451416 14.6802607923746 0 0 0 0 0 0
"ssa" 0 0 0 0 0 0 0 10812.0183944702 7176.43022537231 1322.37362861633 60.495849698782 0 43265.438079834 62695.7588195801 56357.551574707 9343.66130828857 388.981342315674 0
"restofworld" 0 0 6.18613883852959 441.940069198608 1518.59605312347 81.2429636716843 535.337507724762 2705.97124099731 47600.2807617188 13739.0050888062 40.0479212403297 0 0 0 0 0 0 0
