"angdrc" 0 0 0 0 0 0 0 0 530.349969863892 472.399443387985 0 0 731.120586395264 3307.32321739197 4117.83599853516 891.48873090744 0 0
"argentina" 0 0 0 27.9736220836639 43.0778563022614 32.9882726073265 480.856150388718 0 276.029407978058 433.107733726501 374.386698007584 39.8926287889481 0 0 0 0 0 0
"bolivia" 0 0 0 0 0 0 -12.4688735231757 -13.2001079618931 -52.6725016534328 -120.354257524014 0 0 -193.018943071365 -1487.99824714661 -785.305738449097 -239.659935235977 0 0
"brasil" 0 0 0 0 0 0 -321.763306856155 0 0 0 0 0 -1054.5449256897 5343.14107894897 682.894110679626 0 0 0
"colombia" 0 0 0 0 0 0 -289.517521858215 -6.78563956171274 0 0 0 0 -850.311279296875 -104.9834638834 -7.86390155553818 0 0 0
"ghana" 0 0 0 0 0 0 0 0 0 0 0 0 2556.47373199463 2443.65644454956 26.6246516257524 0 0 0
"ivorycoast" 0 0 0 0 0 0 0 0 0 0 0 0 66004.508972168 9310.26077270508 -881.664872169495 0 0 0
"indonesia" 0 0 0 0 0 0 0 0 0 0 0 0 782.352447509766 15.7807357609272 -18.2445533573627 0 0 0
"madagascar" 0 0 0 0 0 0 0 0 0 0 0 0 24456.6478729248 1567.95334815979 855.105102062225 0 0 0
"malasya" 0 0 0 0 0 0 0 0 0 0 0 0 775.209546089172 0 0 0 0 0
"mozambique" 0 0 0 0 0 0 0 0 0 0 0 0 0 1474.58946704865 3132.40718841553 891.990959644318 0 0
"myanmar" 0 0 0 0 0 0 97.9708433151245 818.499028682709 0 0 0 0 0 2236.30404472351 951.266586780548 0 0 0
"nigeria" 0 0 0 0 0 0 0 0 0 0 0 0 4030.73406219482 26054.0046691895 1595.39306163788 0 0 0
"paraguay" 0 0 0 0 0 0 31.2413610517979 0 0 0 0 0 -314.279109239578 0 0 0 0 0
"peru" 0 0 0 0 0 0 2413.16938400269 3180.62043190002 1458.21487903595 1686.29479408264 4100.42333602905 228.742584586143 6872.10083007812 786.203801631927 619.156122207642 542.169570922852 291.047215461731 178.027123212814
"uruguay" 0 0 0 0 0 0 0 0 0 0 0 0 0 0 0 0 0 0
"venezuela" 0 0 0 0 0 0 0 0 0 0 0 0 -58.9494779706001 -82.9002037644386 -14.9553585797548 0 -1.25192943960428 0
"newzealand" 0 0 -17.626166343689 0 0 0 -2522.73082733154 -1001.76429748535 0 0 0 0 0 0 0 0 0 0
"oceania" 0 0 0 0 0 0 -939.42928314209 -1544.72362995148 -1109.04121398926 -104.656174778938 0 0 -13.2944863289595 -611.571669578552 -77.4718895554543 0 0 0
"china" 0 0 0 1746.37126922607 0 19.5406451821327 11630.7201385498 10990.7941818237 7999.44543838501 4940.10353088379 17.1398930251598 5.60540147125721 255.393266677856 466.618418693542 0 0 0 0
"japan" 0 0 0 -134.112745523453 0 0 -2237.03098297119 -2999.45974349976 -4510.68305969238 -304.184913635254 0 0 0 0 0 0 0 0
"korea" 0 0 0 0 0 0 0 -807.257890701294 -325.227916240692 0 0 0 0 0 0 0 0 0
"india" 0 0 0 0 0 0 1155.11107444763 520.63524723053 376.767635345459 718.468546867371 223.514124751091 0 0 3156.37421607971 19603.5633087158 10884.9048614502 533.062517642975 0
"eastasia" 0 0 0 439.507335424423 24.2793746292591 0 0 104.791469871998 8594.31457519531 457.006514072418 0 0 338.484704494476 0 0 0 0 0
"seasia" 0 0 0 0 0 0 1085.29543876648 416.160255670547 3.14545119181275 0 0 0 11837.3489379883 9976.01318359375 8002.59399414062 0 0 0
"southasia" 0 0 0 0 0 0 0 73.9339143037796 765.599489212036 0.928539084270597 0.0553017744095996 0 431.278645992279 2451.71213150024 1144.12713050842 0 0 0
"us" 0 0 0 0.428167346399277 78.9545774459839 20.2525816857815 -26205.9307098389 -29111.6828918457 -49025.0854492188 -4862.61510848999 -3729.67767715454 190.139621496201 0 0 0 0 0 0
"canada" 0 0 -754.68236207962 -29407.7949523926 -9046.64039611816 0 0 -270.632117986679 -55398.0598449707 -96317.7185058594 -18134.3231201172 0 0 0 0 0 0 0
"mexico" 0 0 0 0 0 0 -121.111370623112 -465.848863124847 -2850.20971298218 1340.48330783844 676.934540271759 445.917308330536 -2409.21688079834 -4196.45214080811 -2226.6206741333 449.26792383194 182.63241648674 0
"latinamer" 0 108.751572668552 804.883599281311 1004.66310977936 2193.51100921631 129.297375679016 4647.04990386963 3544.56400871277 3119.25363540649 2023.20218086243 1153.60593795776 423.991411924362 35079.3075561523 18658.5502624512 8116.03164672852 422.652751207352 282.542198896408 0
"eu27" 0 0 -20.4434432089329 -31421.4057922363 -563.807725906372 0 -12125.8792877197 -71399.6505737305 -278054.931640625 -32637.1421813965 0 0 0 0 0 0 0 0
"uk" 0 0 -29.0895961225033 -7.5314724817872 0 0 -107.945397496223 -1904.00195121765 -3413.32149505615 0 0 0 0 0 0 0 0 0
"russia" 0 0 0 21635.2844238281 6702.16798782349 437.408000230789 0 81.1520516872406 5832.3540687561 17789.9971008301 2603.51943969727 0 0 0 0 0 0 0
"efta" 0 0 -79.5000270009041 -993.929862976074 153.864279389381 0 0 0 -572.283327579498 0 0 0 0 0 0 0 0 0
"mena" 0 0 0 3.99432424455881 27.8543457388878 0 0 330.342292785645 9392.18330383301 15813.9095306396 4295.48501968384 13.4474122896791 0 0 0 0 0 0
"ssa" 0 0 0 0 0 0 0 11805.8300018311 7625.05149841309 1342.62418746948 60.3214278817177 0 45676.4106750488 67230.9341430664 59654.6096801758 9512.72964477539 394.10799741745 0
"restofworld" 0 0 6.12083356827497 420.85075378418 1455.00135421753 76.880469918251 536.950647830963 2685.83631515503 48908.821105957 13635.2071762085 38.2959842681885 0 0 0 0 0 0 0
