"angdrc" 0 0 0 0 0 0 0 0 183.509349822998 164.767876267433 0 0 156.572669744492 995.054066181183 1454.6971321106 319.546222686768 0 0
"argentina" 0 0 0 67.8022652864456 104.353107511997 80.378033220768 -115.558959543705 0 -1285.98606586456 -0.256355851888657 780.534625053406 92.3926308751106 0 0 0 0 0 0
"bolivia" 0 0 0 0 0 0 -1411.9747877121 -3412.68038749695 -8727.65159606934 -18854.5188903809 0 0 -28236.9613647461 -136382.446289062 -94057.4035644531 -39646.4653015137 0 0
"brasil" 0 0 0 0 0 0 -35850.1472473145 0 0 0 0 0 -257662.963867188 -63803.108215332 -16648.5919952393 0 0 0
"colombia" 0 0 0 0 0 0 -11022.7127075195 -331.064403057098 0 0 0 0 -100296.455383301 -4441.52545928955 -267.918527126312 0 0 0
"ghana" 0 0 0 0 0 0 0 0 0 0 0 0 973.420023918152 1086.63272857666 14.653904363513 0 0 0
"ivorycoast" 0 0 0 0 0 0 0 0 0 0 0 0 63775.2380371094 9264.82391357422 -810.04786491394 0 0 0
"indonesia" 0 0 0 0 0 0 0 0 0 0 0 0 -284.309685230255 21.1954787373543 80.3426802158356 0 0 0
"madagascar" 0 0 0 0 0 0 0 0 0 0 0 0 21783.2508087158 1416.73421859741 774.803996086121 0 0 0
"malasya" 0 0 0 0 0 0 0 0 0 0 0 0 -202.851086854935 0 0 0 0 0
"mozambique" 0 0 0 0 0 0 0 0 0 0 0 0 0 1506.70218467712 3358.77251625061 952.479302883148 0 0
"myanmar" 0 0 0 0 0 0 111.652620136738 911.615073680878 0 0 0 0 0 2508.80908966064 1046.87237739563 0 0 0
"nigeria" 0 0 0 0 0 0 0 0 0 0 0 0 -3720.45159339905 -23583.8966369629 -1491.6056394577 0 0 0
"paraguay" 0 0 0 0 0 0 -610.141098499298 0 0 0 0 0 -1393.23008060455 0 0 0 0 0
"peru" 0 0 0 0 0 0 2384.99212265015 3138.41152191162 1440.67716598511 1665.23575782776 4043.52617263794 226.095929741859 6627.21157073975 774.58918094635 612.504005432129 536.162495613098 287.150025367737 175.803944468498
"uruguay" 0 0 0 0 0 0 0 0 0 0 0 0 0 0 0 0 0 0
"venezuela" 0 0 0 0 0 0 0 0 0 0 0 0 -2179.70275878906 -2686.56349182129 -520.893633365631 0 -32.9108946025372 0
"newzealand" 0 0 -23.9397436380386 0 0 0 -3294.32463645935 -1314.34512138367 0 0 0 0 0 0 0 0 0 0
"oceania" 0 0 0 0 0 0 -1325.05357265472 -2248.76189231873 -1617.83719062805 -152.317017316818 0 0 -17.034312710166 -804.303765296936 -110.979162156582 0 0 0
"china" 0 0 0 2513.62872123718 0 38.3986122906208 16526.0429382324 12558.0453872681 9300.83274841309 7886.49654388428 32.3278345167637 11.1547652631998 314.59641456604 701.078176498413 0 0 0 0
"japan" 0 0 0 -149.556964635849 0 0 -2491.45460128784 -3338.98329734802 -5033.05244445801 -339.184761047363 0 0 0 0 0 0 0 0
"korea" 0 0 0 0 0 0 0 -881.068706512451 -348.353773355484 0 0 0 0 0 0 0 0 0
"india" 0 0 0 0 0 0 825.73276758194 377.732396125793 221.881091594696 540.212333202362 132.074534893036 0 0 2406.67414665222 14685.4591369629 7308.35485458374 236.743092536926 0
"eastasia" 0 0 0 601.201117038727 72.9507803916931 0 0 80.8170735836029 6244.03810501099 517.005205154419 0 0 297.52117395401 0 0 0 0 0
"seasia" 0 0 0 0 0 0 1098.36804866791 402.084946632385 2.97365570440888 0 0 0 10922.3232269287 10317.2788619995 7643.80550384521 0 0 0
"southasia" 0 0 0 0 0 0 0 44.3030521273613 508.771061897278 0.6324298446998 0.234517574426718 0 310.539186000824 1651.74126625061 745.87881565094 0 0 0
"us" 0 0 0 3.11778439208865 804.521322250366 93.4816598892212 -38398.5137939453 -43997.3373413086 -88335.7772827148 -6277.15873718262 -1594.28775310516 964.352071285248 0 0 0 0 0 0
"canada" 0 0 -1264.92547988892 -49595.0317382812 -15212.7056121826 0 0 -449.104934930801 -90750.4272460938 -160845.596313477 -29739.4676208496 0 0 0 0 0 0 0
"mexico" 0 0 0 0 0 0 -150.967746973038 -579.602599143982 -3703.55749130249 1406.29613399506 772.741436958313 526.777267456055 -2950.08111000061 -5246.55628204346 -2975.22354125977 315.381288528442 209.722846746445 0
"latinamer" 0 82.8517004847527 614.632964134216 764.932990074158 1667.60909557343 98.2314348220825 3592.42248535156 2777.91118621826 2401.70788764954 1556.02765083313 879.376292228699 322.226643562317 27551.7158508301 14694.2577362061 6426.35154724121 330.761820077896 222.068309783936 0
"eu27" 0 0 -25.2009350806475 -37572.1893310547 -711.085677146912 0 -14615.9563064575 -86068.6416625977 -334736.145019531 -39721.0922241211 0 0 0 0 0 0 0 0
"uk" 0 0 14.3656749278307 -5.07894437760115 0 0 -121.493227779865 -2203.38177680969 -3959.30004119873 0 0 0 0 0 0 0 0 0
"russia" 0 0 0 19508.1634521484 6398.06032180786 433.355748653412 0 76.2723162770271 5636.31248474121 17068.8323974609 2470.52812576294 0 0 0 0 0 0 0
"efta" 0 0 -86.3917022943497 -1090.07775783539 228.320196270943 0 0 0 -514.045596122742 0 0 0 0 0 0 0 0 0
"mena" 0 0 0 3.00317257642746 19.4030404090881 0 0 188.174992799759 4813.41075897217 9571.34437561035 3473.30760955811 13.4687833487988 0 0 0 0 0 0
"ssa" 0 0 0 0 0 0 0 9525.32958984375 6397.61543273926 1243.92116069794 57.9579025506973 0 39452.2285461426 56041.2483215332 49909.6488952637 8691.04099273682 366.394221782684 0
"restofworld" 0 0 5.4740528576076 416.254669427872 1420.67456245422 77.0535618066788 475.651293992996 2429.18825149536 40926.4183044434 12270.8330154419 37.4952852725983 0 0 0 0 0 0 0
