"angdrc" 0 0 0 0 0 0 0 0 117.11174249649 104.714140295982 0 0 85.834726691246 614.882230758667 941.52957201004 206.594467163086 0 0
"argentina" 0 0 0 52.0258881151676 80.0211876630783 61.7828592658043 -509.744465351105 0 -1882.68899917603 -467.634439468384 553.488492965698 69.8096305131912 0 0 0 0 0 0
"bolivia" 0 0 0 0 0 0 -24.9686241149902 -47.3527498543262 -137.865021824837 -300.460696220398 0 0 -454.521059989929 -2689.6059513092 -1754.20165061951 -653.301179409027 0 0
"brasil" 0 0 0 0 0 0 -34174.2210388184 0 0 0 0 0 -251445.037841797 -65955.1544189453 -16658.9431762695 0 0 0
"colombia" 0 0 0 0 0 0 -397.200435400009 -10.2831413969398 0 0 0 0 -2170.1672077179 -149.900108575821 -10.2076437324286 0 0 0
"ghana" 0 0 0 0 0 0 0 0 0 0 0 0 805.170476436615 924.343705177307 12.9022598266602 0 0 0
"ivorycoast" 0 0 0 0 0 0 0 0 0 0 0 0 63358.8256835938 9219.24686431885 -801.862180233002 0 0 0
"indonesia" 0 0 0 0 0 0 0 0 0 0 0 0 -960.129380226135 15.7126318663359 82.6227068901062 0 0 0
"madagascar" 0 0 0 0 0 0 0 0 0 0 0 0 21470.6554412842 1397.56155014038 764.45209980011 0 0 0
"malasya" 0 0 0 0 0 0 0 0 0 0 0 0 -687.600493431091 0 0 0 0 0
"mozambique" 0 0 0 0 0 0 0 0 0 0 0 0 0 1560.2707862854 3498.17371368408 991.896629333496 0 0
"myanmar" 0 0 0 0 0 0 107.182554900646 873.873829841614 0 0 0 0 0 2405.00211715698 1004.67705726624 0 0 0
"nigeria" 0 0 0 0 0 0 0 0 0 0 0 0 -3858.07871818542 -24398.7922668457 -1548.5543012619 0 0 0
"paraguay" 0 0 0 0 0 0 -4253.03840637207 0 0 0 0 0 -5929.95548248291 0 0 0 0 0
"peru" 0 0 0 0 0 0 -43618.4387207031 -55161.548614502 -25932.3654174805 -29674.0455627441 -70809.9594116211 -4164.05200958252 -35083.9462280273 -10151.4873504639 -11453.9222717285 -9426.54800415039 -5200.32596588135 -3161.10372543335
"uruguay" 0 0 0 0 0 0 0 0 0 0 0 0 0 0 0 0 0 0
"venezuela" 0 0 0 0 0 0 0 0 0 0 0 0 -1816.31803512573 -2238.74711990356 -434.296727180481 0 -27.4252090603113 0
"newzealand" 0 0 -24.1869278252125 0 0 0 -3349.6401309967 -1335.4549407959 0 0 0 0 0 0 0 0 0 0
"oceania" 0 0 0 0 0 0 -1364.76492881775 -2318.66526603699 -1668.48421096802 -157.03409910202 0 0 -17.4738075584173 -826.209187507629 -114.327967166901 0 0 0
"china" 0 0 0 2572.33572006226 0 40.3664447367191 16774.7230529785 12389.5454406738 9191.33472442627 8118.08586120605 33.9077673852444 11.7447394877672 311.14649772644 715.160012245178 0 0 0 0
"japan" 0 0 0 -151.274994015694 0 0 -2520.24674415588 -3376.83701515198 -5091.3348197937 -343.068242073059 0 0 0 0 0 0 0 0
"korea" 0 0 0 0 0 0 0 -894.253969192505 -353.79233956337 0 0 0 0 0 0 0 0 0
"india" 0 0 0 0 0 0 775.198340415955 351.7986536026 195.942714810371 503.551185131073 115.714013576508 0 0 2247.80654907227 13713.493347168 6645.96080780029 184.564083814621 0
"eastasia" 0 0 0 579.199194908142 73.6795961856842 0 0 69.1191703081131 5329.45489883423 474.475979804993 0 0 269.094288349152 0 0 0 0 0
"seasia" 0 0 0 0 0 0 1060.142993927 388.190358877182 2.88893096148968 0 0 0 10420.9356307983 9985.15129089355 7423.84243011475 0 0 0
"southasia" 0 0 0 0 0 0 0 39.1138903796673 455.133855342865 0.542599009349942 0.215899606700987 0 285.970270633698 1506.44111633301 680.964648723602 0 0 0
"us" 0 0 0 3.00696538761258 767.905056476593 90.8133164048195 -40849.5140075684 -46206.7489624023 -92689.3768310547 -6629.18186187744 -2219.16770935059 919.781923294067 0 0 0 0 0 0
"canada" 0 0 -1315.91248512268 -51636.5966796875 -15833.1756591797 0 0 -452.924013137817 -93122.0169067383 -166810.150146484 -31028.9726257324 0 0 0 0 0 0 0
"mexico" 0 0 0 0 0 0 -153.551086783409 -591.034054756165 -3787.52160072327 1418.26319694519 785.728633403778 535.939931869507 -2996.47307395935 -5345.85571289062 -3036.40365600586 321.698576211929 213.467985391617 0
"latinamer" 0 73.773130774498 549.071550369263 681.023955345154 1481.88662528992 87.1768593788147 3268.03493499756 2561.66315078735 2170.68576812744 1403.79929542542 784.205198287964 286.175966262817 25710.7620239258 13685.9951019287 5994.48871612549 306.815713644028 212.79764175415 0
"eu27" 0 0 -25.2275224775076 -37713.5162353516 -713.280498981476 0 -14669.3840026855 -86320.4345703125 -335953.125 -39851.734161377 0 0 0 0 0 0 0 0
"uk" 0 0 22.2554635256529 -4.3285321444273 0 0 -118.231147527695 -2157.29784965515 -3878.30066680908 0 0 0 0 0 0 0 0 0
"russia" 0 0 0 17566.2059783936 5798.65837097168 398.313522338867 0 68.54297965765 5100.6326675415 15424.7484207153 2224.17879104614 0 0 0 0 0 0 0
"efta" 0 0 -85.9106928110123 -1089.29419517517 230.773583054543 0 0 0 -512.200832366943 0 0 0 0 0 0 0 0 0
"mena" 0 0 0 2.93859071098268 18.6732709407806 0 0 175.553619861603 4248.89755249023 8952.84652709961 3464.47563171387 13.867424800992 0 0 0 0 0 0
"ssa" 0 0 0 0 0 0 0 9308.91990661621 6265.36417007446 1229.10380363464 57.4375912547112 0 38806.3507080078 54934.757232666 48850.2197265625 8574.02515411377 362.149894237518 0
"restofworld" 0 0 5.32294530421495 405.943512916565 1383.33034515381 75.2032324671745 461.628437042236 2355.59701919556 39496.6659545898 11867.280960083 36.5106612443924 0 0 0 0 0 0 0
