"angdrc" 0 0 0 0 0 0 0 0 170.225024223328 151.117742061615 0 0 180.796921253204 981.713116168976 1346.23575210571 291.844606399536 0 0
"argentina" 0 0 0 60.9868615865707 93.8622653484344 72.3123401403427 -170.329034328461 0 -1244.11237239838 -48.7715750932693 696.60758972168 82.9580426216125 0 0 0 0 0 0
"bolivia" 0 0 0 0 0 0 -1430.26840686798 -3454.8327922821 -8836.37428283691 -19088.7298583984 0 0 -28601.4499664307 -138148.75793457 -95204.8568725586 -40127.8648376465 0 0
"brasil" 0 0 0 0 0 0 -34909.9540710449 0 0 0 0 0 -251560.028076172 -60587.4176025391 -16104.7668457031 0 0 0
"colombia" 0 0 0 0 0 0 -366.737127304077 -9.3816053122282 0 0 0 0 -1769.25420761108 -137.847542762756 -9.64932143688202 0 0 0
"ghana" 0 0 0 0 0 0 0 0 0 0 0 0 1188.42315673828 1255.38539886475 15.9002840518951 0 0 0
"ivorycoast" 0 0 0 0 0 0 0 0 0 0 0 0 64051.4602661133 9189.01062011719 -830.866396427155 0 0 0
"indonesia" 0 0 0 0 0 0 0 0 0 0 0 0 -321.431457996368 15.4221998527646 65.4506161808968 0 0 0
"madagascar" 0 0 0 0 0 0 0 0 0 0 0 0 22174.0055084229 1438.67373466492 786.437749862671 0 0 0
"malasya" 0 0 0 0 0 0 0 0 0 0 0 0 -203.364491462708 0 0 0 0 0
"mozambique" 0 0 0 0 0 0 0 0 0 0 0 0 0 1460.93952655792 3237.84232139587 917.82420873642 0 0
"myanmar" 0 0 0 0 0 0 107.157625257969 875.806212425232 0 0 0 0 0 2405.69925308228 1007.33172893524 0 0 0
"nigeria" 0 0 0 0 0 0 0 0 0 0 0 0 3417.5910949707 22358.8562011719 1337.15772628784 0 0 0
"paraguay" 0 0 0 0 0 0 -600.458443164825 0 0 0 0 0 -1372.45440483093 0 0 0 0 0
"peru" 0 0 0 0 0 0 2399.09267425537 3156.81195259094 1449.04220104218 1675.09710788727 4068.43757629395 227.465555071831 6669.61669921875 776.627898216248 615.381360054016 538.645505905151 288.917064666748 176.877543330193
"uruguay" 0 0 0 0 0 0 0 0 0 0 0 0 0 0 0 0 0 0
"venezuela" 0 0 0 0 0 0 0 0 0 0 0 0 -1882.38489627838 -2322.32904434204 -450.021535158157 0 -28.4907780587673 0
"newzealand" 0 0 -24.3413001298904 0 0 0 -3283.21552276611 -1312.97636032104 0 0 0 0 0 0 0 0 0 0
"oceania" 0 0 0 0 0 0 -1280.42614459991 -2172.78456687927 -1560.6791973114 -146.769776940346 0 0 -16.4744928479195 -777.412056922913 -107.497088611126 0 0 0
"china" 0 0 0 2261.87467575073 0 33.8919758796692 15094.8028564453 11764.2974853516 8661.31019592285 7090.71779251099 28.5614170134068 9.83045715838671 294.319033622742 637.413620948792 0 0 0 0
"japan" 0 0 0 -146.791875362396 0 0 -2447.13687896729 -3279.23250198364 -4939.86320495605 -332.91882276535 0 0 0 0 0 0 0 0
"korea" 0 0 0 0 0 0 0 -869.259715080261 -344.084173440933 0 0 0 0 0 0 0 0 0
"india" 0 0 0 0 0 0 819.648027420044 372.306227684021 215.687066316605 537.050485610962 131.805509328842 0 0 2405.53140640259 14566.6732788086 7303.41863632202 234.027981758118 0
"eastasia" 0 0 0 562.176823616028 62.195286154747 0 0 85.8931392431259 6738.09576034546 503.059685230255 0 0 305.255740880966 0 0 0 0 0
"seasia" 0 0 0 0 0 0 1085.85071563721 397.487223148346 2.96697486191988 0 0 0 10839.8036956787 10158.1287384033 7605.79586029053 0 0 0
"southasia" 0 0 0 0 0 0 0 46.9415783882141 523.747563362122 0.622307881712914 0.163870019605383 0 327.523916959763 1718.05024147034 784.628987312317 0 0 0
"us" 0 0 0 2.8267870657146 729.185223579407 85.0807726383209 -36356.9183349609 -41700.6072998047 -82863.7084960938 -5885.14614105225 -1569.41294670105 877.536594867706 0 0 0 0 0 0
"canada" 0 0 -1194.30351257324 -46748.176574707 -14290.581703186 0 0 -400.038480758667 -85428.4973144531 -151367.721557617 -27903.787612915 0 0 0 0 0 0 0
"mexico" 0 0 0 0 0 0 -143.374413251877 -552.219390869141 -3483.31308364868 1361.08636856079 738.681137561798 501.75404548645 -2820.65272331238 -5007.71379470825 -2824.81074333191 327.096939086914 200.509458780289 0
"latinamer" 0 87.0156139135361 645.839333534241 803.376019001007 1750.98860263824 103.12732309103 3787.01996803284 2929.56066131592 2527.85491943359 1637.31110095978 923.987209796906 338.351458311081 29124.8397827148 15510.5228424072 6779.00171279907 349.569022655487 236.264109611511 0
"eu27" 0 0 -24.4091041386127 -36579.7348022461 -692.82054901123 0 -14264.2850875854 -83649.9099731445 -325484.161376953 -38607.5782775879 0 0 0 0 0 0 0 0
"uk" 0 0 8.74088238924742 -5.21714426577091 0 0 -116.351805627346 -2105.11493682861 -3781.88991546631 0 0 0 0 0 0 0 0 0
"russia" 0 0 0 16030.1399230957 5299.63970184326 349.261343479156 0 63.1364434957504 4732.83433914185 14243.4949874878 2046.79584503174 0 0 0 0 0 0 0
"efta" 0 0 -85.4838714003563 -1075.35362243652 214.158251881599 0 0 0 -527.364134788513 0 0 0 0 0 0 0 0 0
"mena" 0 0 0 3.10261780396104 20.3632228076458 0 0 203.536719083786 5361.083984375 10313.1542205811 3527.77457237244 13.1960697472095 0 0 0 0 0 0
"ssa" 0 0 0 0 0 0 0 9715.17753601074 6456.03275299072 1234.3738079071 57.1768507361412 0 39775.2304077148 56828.0410766602 50331.3179016113 8632.12490081787 363.465815782547 0
"restofworld" 0 0 5.40515081956983 407.189607620239 1392.3100233078 75.2292424440384 473.233848810196 2408.10346603394 41015.4457092285 12156.1059951782 36.7114692926407 0 0 0 0 0 0 0
