"angdrc" 0 0 0 0 0 0 0 0 1005.79261779785 938.872158527374 0 0 450.485587120056 4735.2237701416 7924.18384552002 1814.69309329987 0 0
"argentina" 0 0 0 -152.304783463478 -234.900608658791 -179.335817694664 -2579.33211326599 0 -5105.40151596069 -4248.31295013428 -2186.11621856689 -221.90648317337 0 0 0 0 0 0
"bolivia" 0 0 0 0 0 0 -189.306989312172 -437.265038490295 -1147.71246910095 -2525.68221092224 0 0 -3690.68694114685 -18794.017791748 -12892.8489685059 -5312.07895278931 0 0
"brasil" 0 0 0 0 0 0 4343.20640563965 0 0 0 0 0 1900.0186920166 1666.22614860535 1009.99069213867 0 0 0
"colombia" 0 0 0 0 0 0 -60.9323158860207 -0.277063809335232 0 0 0 0 852.594375610352 -14.8416124284267 -2.08671251311898 0 0 0
"ghana" 0 0 0 0 0 0 0 0 0 0 0 0 -761.998355388641 -1127.4641752243 -19.0431587398052 0 0 0
"ivorycoast" 0 0 0 0 0 0 0 0 0 0 0 0 -152972.946166992 -678446.594238281 -87278.0227661133 0 0 0
"indonesia" 0 0 0 0 0 0 0 0 0 0 0 0 -4641.01886749268 -20.3380845487118 -4.83012944459915 0 0 0
"madagascar" 0 0 0 0 0 0 0 0 0 0 0 0 19934.814453125 1300.20594596863 711.572468280792 0 0 0
"malasya" 0 0 0 0 0 0 0 0 0 0 0 0 -2682.53183364868 0 0 0 0 0
"mozambique" 0 0 0 0 0 0 0 0 0 0 0 0 0 1479.44140434265 3399.74164962769 971.407651901245 0 0
"myanmar" 0 0 0 0 0 0 29.4331237673759 263.804316520691 0 0 0 0 0 682.858765125275 357.603579759598 0 0 0
"nigeria" 0 0 0 0 0 0 0 0 0 0 0 0 2085.61038970947 14966.2475585938 770.57158946991 0 0 0
"paraguay" 0 0 0 0 0 0 -23963.7451171875 0 0 0 0 0 -95155.8990478516 0 0 0 0 0
"peru" 0 0 0 0 0 0 -43560.4095458984 -55082.9734802246 -25896.9554901123 -29632.6847076416 -70706.8481445312 -4158.56981277466 -34909.7518920898 -10136.4364624023 -11438.9982223511 -9413.86127471924 -5192.66223907471 -3156.56614303589
"uruguay" 0 0 0 0 0 0 0 0 0 0 0 0 0 0 0 0 0 0
"venezuela" 0 0 0 0 0 0 0 0 0 0 0 0 -287.387281656265 -356.439828872681 -69.3512037396431 0 -4.51841065660119 0
"newzealand" 0 0 -14.8980980738997 0 0 0 -2596.29058837891 -1010.35118103027 0 0 0 0 0 0 0 0 0 0
"oceania" 0 0 0 0 0 0 -1257.75289535522 -2036.28253936768 -1510.59985160828 -140.618562698364 0 0 -18.5280460864305 -848.895311355591 -98.9124476909637 0 0 0
"china" 0 0 0 3282.30404853821 0 49.4925305247307 20415.189743042 15084.9704742432 11324.2874145508 9982.42282867432 42.0097820460796 14.4311469048262 366.506814956665 867.11585521698 0 0 0 0
"japan" 0 0 0 -147.965788841248 0 0 -2463.51861953735 -3295.38774490356 -4973.28758239746 -335.41738986969 0 0 0 0 0 0 0 0
"korea" 0 0 0 0 0 0 0 -848.493039608002 -342.96727180481 0 0 0 0 0 0 0 0 0
"india" 0 0 0 0 0 0 706.441879272461 334.320873022079 215.94275534153 389.338135719299 98.0988144874573 0 0 1613.63637447357 10731.9355010986 4506.50310516357 101.730853319168 0
"eastasia" 0 0 0 569.000780582428 70.4406201839447 0 0 61.9518756866455 5113.44146728516 456.050187349319 0 0 258.221834897995 0 0 0 0 0
"seasia" 0 0 0 0 0 0 1011.66272163391 414.605706930161 2.95389140956104 0 0 0 10476.1199951172 9611.43493652344 7610.87799072266 0 0 0
"southasia" 0 0 0 0 0 0 0 21.1325325071812 297.124713659286 0.26309717213735 0.183615396963432 0 136.857151985168 1134.1313123703 505.728363990784 0 0 0
"us" 0 0 0 2.85838823765516 742.3255443573 86.8029817938805 -37700.8895874023 -41382.7056884766 -81019.8669433594 -6076.13086700439 -1566.92242622375 880.281507968903 0 0 0 0 0 0
"canada" 0 0 -1291.3978099823 -50603.7216186523 -15507.2135925293 0 0 -465.917468070984 -91813.1866455078 -163648.498535156 -30751.7471313477 0 0 0 0 0 0 0
"mexico" 0 0 0 0 0 0 -148.463398218155 -565.388441085815 -3630.64408302307 1388.70513439178 757.98499584198 518.13018321991 -2942.56639480591 -5214.0588760376 -3065.1752948761 290.360957384109 205.633208155632 0
"latinamer" 0 116.68798327446 854.806065559387 1076.01523399353 2361.74774169922 139.989614486694 4516.08467102051 3332.31210708618 3189.13245201111 2082.49425888062 1229.36511039734 457.854986190796 31715.8336639404 17347.6600646973 7386.01970672607 397.137463092804 238.26864361763 0
"eu27" 0 0 -25.0159371644258 -37820.3811645508 -675.245225429535 0 -14405.3115844727 -87005.5313110352 -340671.600341797 -40129.8751831055 0 0 0 0 0 0 0 0
"uk" 0 0 25.292880833149 -4.06487099826336 0 0 -117.960400879383 -2170.39728164673 -3896.55017852783 0 0 0 0 0 0 0 0 0
"russia" 0 0 0 22155.8151245117 8412.06359863281 588.875770568848 0 91.7255952954292 7695.60241699219 22639.1506195068 3176.96714401245 0 0 0 0 0 0 0
"efta" 0 0 -84.0390846133232 -1074.31590557098 228.959679603577 0 0 0 -509.325683116913 0 0 0 0 0 0 0 0 0
"mena" 0 0 0 3.3058263361454 20.3764028847218 0 0 202.799007296562 3948.79698753357 9410.44235229492 4075.38223266602 17.0107707381248 0 0 0 0 0 0
"ssa" 0 0 0 0 0 0 0 8201.24816894531 5481.5788269043 1068.15016269684 49.8418211936951 0 34555.2368164062 48402.0462036133 42717.5674438477 7440.43779373169 315.14447927475 0
"restofworld" 0 0 5.64527604728937 425.469279289246 1439.33653831482 79.0512263774872 477.292984724045 2416.66626930237 39805.6640625 12036.5734100342 38.0065366625786 0 0 0 0 0 0 0
