"angdrc" 0 0 0 0 0 0 0 0 522.302448749542 465.290427207947 0 0 718.927085399628 3255.26142120361 4055.93347549438 878.250181674957 0 0
"argentina" 0 0 0 32.9170078039169 50.6855398416519 38.8455986976624 529.890775680542 0 266.195327043533 474.334388971329 434.064269065857 46.6123186051846 0 0 0 0 0 0
"bolivia" 0 0 0 0 0 0 -1458.56165885925 -3518.93782615662 -9004.60910797119 -19453.067779541 0 0 -29161.7164611816 -140921.661376953 -97065.8493041992 -40901.5617370605 0 0
"brasil" 0 0 0 0 0 0 -534.209728240967 0 0 0 0 0 -2416.03088378906 5183.27140808105 626.498222351074 0 0 0
"colombia" 0 0 0 0 0 0 -267.191678285599 -6.16657920181751 0 0 0 0 -695.103049278259 -96.2257236242294 -7.29452632367611 0 0 0
"ghana" 0 0 0 0 0 0 0 0 0 0 0 0 2476.05895996094 2374.94397163391 26.018125936389 0 0 0
"ivorycoast" 0 0 0 0 0 0 0 0 0 0 0 0 65904.1137695312 9323.68087768555 -876.103699207306 0 0 0
"indonesia" 0 0 0 0 0 0 0 0 0 0 0 0 754.060447216034 17.2858610749245 -13.3702922612429 0 0 0
"madagascar" 0 0 0 0 0 0 0 0 0 0 0 0 24333.5609436035 1560.84752082825 851.317524909973 0 0 0
"malasya" 0 0 0 0 0 0 0 0 0 0 0 0 721.574544906616 0 0 0 0 0
"mozambique" 0 0 0 0 0 0 0 0 0 0 0 0 0 1488.38722705841 3168.85089874268 902.42612361908 0 0
"myanmar" 0 0 0 0 0 0 98.6557751893997 823.68266582489 0 0 0 0 0 2251.30605697632 956.488013267517 0 0 0
"nigeria" 0 0 0 0 0 0 0 0 0 0 0 0 4000.27799606323 25870.5291748047 1582.81111717224 0 0 0
"paraguay" 0 0 0 0 0 0 28.4148510545492 0 0 0 0 0 -255.453437566757 0 0 0 0 0
"peru" 0 0 0 0 0 0 2332.47470855713 3078.30119132996 1410.13622283936 1630.88226318359 3967.68927574158 220.993787050247 6756.82163238525 767.37904548645 599.683165550232 525.295972824097 281.680583953857 172.110706567764
"uruguay" 0 0 0 0 0 0 0 0 0 0 0 0 0 0 0 0 0 0
"venezuela" 0 0 0 0 0 0 0 0 0 0 0 0 -51.012709736824 -72.4599808454514 -13.0245247855783 0 -1.10997725278139 0
"newzealand" 0 0 -17.2443389892578 0 0 0 -2505.27882575989 -993.169069290161 0 0 0 0 0 0 0 0 0 0
"oceania" 0 0 0 0 0 0 -954.944491386414 -1571.14624977112 -1129.83977794647 -106.588840484619 0 0 -13.4998196735978 -621.39630317688 -78.6564946174622 0 0 0
"china" 0 0 0 1836.53438091278 0 21.1338549852371 12138.6651992798 11274.9061584473 8226.92966461182 5221.22764587402 18.4748526662588 6.07278803363442 262.556433677673 489.041149616241 0 0 0 0
"japan" 0 0 0 -134.735137224197 0 0 -2247.37071990967 -3013.0820274353 -4531.64386749268 -305.592715740204 0 0 0 0 0 0 0 0
"korea" 0 0 0 0 0 0 0 -809.8304271698 -326.069831848145 0 0 0 0 0 0 0 0 0
"india" 0 0 0 0 0 0 1147.58348464966 517.858028411865 374.15599822998 712.485492229462 220.885753631592 0 0 3133.41593742371 19476.7265319824 10784.649848938 526.35395526886 0
"eastasia" 0 0 0 451.64567232132 27.3873209953308 0 0 103.361912071705 8472.41115570068 462.168395519257 0 0 336.338937282562 0 0 0 0 0
"seasia" 0 0 0 0 0 0 1085.69407463074 415.908396244049 3.14010749571025 0 0 0 11816.0266876221 9991.4493560791 7992.88177490234 0 0 0
"southasia" 0 0 0 0 0 0 0 72.576642036438 755.313694477081 0.918609090149403 0.0706442660884932 0 427.699685096741 2420.74155807495 1127.03418731689 0 0 0
"us" 0 0 0 0.61454507522285 130.119130015373 25.3136418759823 -26681.9038391113 -29681.1180114746 -50842.5140380859 -4917.07324981689 -3517.99583435059 244.683980941772 0 0 0 0 0 0
"canada" 0 0 -793.197631835938 -30836.5535736084 -9477.90908813477 0 0 -282.4547290802 -58483.3755493164 -100879.409790039 -18939.5713806152 0 0 0 0 0 0 0
"mexico" 0 0 0 0 0 0 -123.028695583344 -472.7483689785 -2905.96866607666 1369.65703964233 691.545188426971 455.14914393425 -2446.17414474487 -4268.23043823242 -2271.73089981079 462.483048439026 186.480447649956 0
"latinamer" 0 107.623443007469 796.334505081177 994.146823883057 2170.80092430115 127.97999382019 4586.26747131348 3497.65086174011 3083.44459533691 2000.26941299438 1141.38245582581 419.637858867645 34581.1767578125 18413.028717041 8006.51741027832 417.013555765152 277.996182441711 0
"eu27" 0 0 -20.6967014819384 -31826.7803192139 -568.081557750702 0 -12240.1485443115 -72252.8228759766 -281549.255371094 -33038.1851196289 0 0 0 0 0 0 0 0
"uk" 0 0 -25.58209374547 -7.33370194211602 0 0 -108.992472290993 -1927.82998085022 -3456.62426948547 0 0 0 0 0 0 0 0 0
"russia" 0 0 0 21755.1555633545 6780.9419631958 443.326592445374 0 81.8934887647629 5911.9119644165 18013.2598876953 2633.38685035706 0 0 0 0 0 0 0
"efta" 0 0 -80.6873068213463 -1005.70905208588 159.606873989105 0 0 0 -568.912029266357 0 0 0 0 0 0 0 0 0
"mena" 0 0 0 3.98006290197372 27.6271030306816 0 0 325.379967689514 9192.44956970215 15574.0976333618 4303.635597229 13.6911459267139 0 0 0 0 0 0
"ssa" 0 0 0 0 0 0 0 11713.0393981934 7585.34097671509 1342.17500686646 60.4225993156433 0 45478.4164428711 66820.7855224609 59364.4485473633 9506.65473937988 394.069969654083 0
"restofworld" 0 0 6.10671937465668 422.261923551559 1458.57548713684 77.2037506103516 535.20929813385 2680.19771575928 48588.5887145996 13600.8319854736 38.3970141410828 0 0 0 0 0 0 0
