"angdrc" 0 0 0 0 0 0 0 0 312.268018722534 273.696005344391 0 0 500.900149345398 2060.83869934082 2421.66709899902 514.530003070831 0 0
"argentina" 0 0 0 -1994.74108219147 -3054.1877746582 -2338.54579925537 -42164.3295288086 0 -36237.6098632812 -38716.2666320801 -26963.9015197754 -2822.31426239014 0 0 0 0 0 0
"bolivia" 0 0 0 0 0 0 -143.619954586029 -334.658354520798 -870.937466621399 -1897.32527732849 0 0 -2797.09148406982 -14156.9652557373 -9629.72450256348 -3955.56449890137 0 0
"brasil" 0 0 0 0 0 0 -425.553321838379 0 0 0 0 0 -14017.1566009521 -20478.7330627441 -2316.42007827759 0 0 0
"colombia" 0 0 0 0 0 0 -10697.7548599243 -321.269541978836 0 0 0 0 -97312.5457763672 -4310.13536453247 -260.009109973907 0 0 0
"ghana" 0 0 0 0 0 0 0 0 0 0 0 0 -20649.3644714355 -22437.8643035889 -323.589324951172 0 0 0
"ivorycoast" 0 0 0 0 0 0 0 0 0 0 0 0 64093.1015014648 9832.18955993652 -738.34490776062 0 0 0
"indonesia" 0 0 0 0 0 0 0 0 0 0 0 0 -2354.9497127533 -14.1259077936411 -45.0300425291061 0 0 0
"madagascar" 0 0 0 0 0 0 0 0 0 0 0 0 22871.057510376 1474.29490089417 804.972410202026 0 0 0
"malasya" 0 0 0 0 0 0 0 0 0 0 0 0 -1378.6541223526 0 0 0 0 0
"mozambique" 0 0 0 0 0 0 0 0 0 0 0 0 0 1770.951628685 3910.08329391479 1112.8261089325 0 0
"myanmar" 0 0 0 0 0 0 99.2854982614517 824.033737182617 0 0 0 0 0 2253.9587020874 989.56698179245 0 0 0
"nigeria" 0 0 0 0 0 0 0 0 0 0 0 0 3491.84107780457 22952.4154663086 1356.61864280701 0 0 0
"paraguay" 0 0 0 0 0 0 -12486.8574142456 0 0 0 0 0 -69293.8613891602 0 0 0 0 0
"peru" 0 0 0 0 0 0 2175.06408691406 2878.34644317627 1316.33639335632 1522.73917198181 3708.60695838928 205.902352929115 6522.51720428467 729.501008987427 561.447739601135 492.220044136047 263.213723897934 160.566955804825
"uruguay" 0 0 0 0 0 0 0 0 0 0 0 0 0 0 0 0 0 0
"venezuela" 0 0 0 0 0 0 0 0 0 0 0 0 -694.216370582581 -860.042154788971 -166.755959391594 0 -10.8325555920601 0
"newzealand" 0 0 -26.1468440294266 0 0 0 -3370.40829658508 -1355.25810718536 0 0 0 0 0 0 0 0 0 0
"oceania" 0 0 0 0 0 0 -1047.52123355865 -1722.79131412506 -1240.80491065979 -116.293281316757 0 0 -14.8077635094523 -682.940006256104 -86.3019898533821 0 0 0
"china" 0 0 0 1981.04310035706 0 24.7056968510151 13166.8424606323 11659.7175598145 8517.31967926025 5793.35594177246 21.3329549878836 7.1406327188015 275.307536125183 537.711024284363 0 0 0 0
"japan" 0 0 0 -138.911873102188 0 0 -2315.29712677002 -3100.25978088379 -4669.85464096069 -314.974248409271 0 0 0 0 0 0 0 0
"korea" 0 0 0 0 0 0 0 -798.391044139862 -323.006689548492 0 0 0 0 0 0 0 0 0
"india" 0 0 0 0 0 0 1212.25106716156 559.928357601166 402.103066444397 762.472987174988 214.610144495964 0 0 3073.46153259277 20417.5815582275 10281.8813323975 461.1696600914 0
"eastasia" 0 0 0 291.190922260284 -0.969815999269485 0 0 94.9301272630692 7992.84267425537 341.938555240631 0 0 303.229153156281 0 0 0 0 0
"seasia" 0 0 0 0 0 0 1144.18089389801 455.646932125092 3.25667485594749 0 0 0 12132.2612762451 10557.6066970825 8349.58362579346 0 0 0
"southasia" 0 0 0 0 0 0 0 57.0641756057739 614.778757095337 0.590072886552662 -0.0561746710445732 0 295.004487037659 2218.14060211182 1048.05302619934 0 0 0
"us" 0 0 0 0.734584231395274 175.487846136093 29.8585407435894 -29836.1053466797 -33250.9689331055 -60979.9652099609 -5558.00008773804 -3488.39974403381 284.748077392578 0 0 0 0 0 0
"canada" 0 0 -919.729948043823 -35969.3794250488 -11023.5414505005 0 0 -352.114021778107 -67346.5957641602 -116541.793823242 -21963.2034301758 0 0 0 0 0 0 0
"mexico" 0 0 0 0 0 0 -139.694571495056 -535.738229751587 -3361.10901832581 1007.78031349182 610.48287153244 434.473007917404 -2727.28586196899 -4786.93151473999 -2831.46286010742 0.306978821754456 167.48520731926 0
"latinamer" 0 80.4764777421951 599.185883998871 744.129657745361 1619.24719810486 95.1110124588013 3590.39711952209 2816.39647483826 2381.05010986328 1534.22331809998 855.940818786621 312.251955270767 29011.323928833 15230.0291061401 6713.88244628906 341.71587228775 256.761848926544 0
"eu27" 0 0 -25.4263523966074 -35182.0335388184 -818.627238273621 0 -15018.0063247681 -85166.4733886719 -324590.667724609 -39955.8410644531 0 0 0 0 0 0 0 0
"uk" 0 0 -108.338966965675 -14.7426398470998 0 0 -135.528057813644 -2291.05067253113 -4085.92987060547 0 0 0 0 0 0 0 0 0
"russia" 0 0 0 19278.1410217285 6288.73252868652 420.982629060745 0 73.3727440237999 5544.9104309082 16709.1026306152 2408.42723846436 0 0 0 0 0 0 0
"efta" 0 0 -86.0697254538536 -1072.7903842926 163.44940662384 0 0 0 -618.728518486023 0 0 0 0 0 0 0 0 0
"mena" 0 0 0 3.36400652304292 22.7547250688076 0 0 264.136105775833 6835.14356613159 12430.4361343384 3755.52415847778 12.8021109849215 0 0 0 0 0 0
"ssa" 0 0 0 0 0 0 0 10462.9106521606 6732.70606994629 1197.50320911407 53.9521276950836 0 40811.7561340332 59647.5219726562 52549.4155883789 8470.28255462646 351.501435041428 0
"restofworld" 0 0 5.81223983317614 407.690942287445 1397.80139923096 74.9394148588181 498.234927654266 2498.90613555908 44229.7592163086 12614.8452758789 36.863025277853 0 0 0 0 0 0 0
