"angdrc" 0 0 0 0 0 0 0 0 819.270730018616 737.441062927246 0 0 924.610614776611 4776.55601501465 6378.37696075439 1398.18501472473 0 0
"argentina" 0 0 0 -242.397680878639 -373.280376195908 -285.826623439789 -2555.71031570435 0 -3918.4741973877 -4542.17004776001 -3255.25760650635 -346.75121307373 0 0 0 0 0 0
"bolivia" 0 0 0 0 0 0 -166.753083467484 -392.739176750183 -1016.04700088501 -2222.52178192139 0 0 -3262.79282569885 -16341.817855835 -11107.9130172729 -4604.0563583374 0 0
"brasil" 0 0 0 0 0 0 13063.0292892456 0 0 0 0 0 56201.4045715332 8620.8553314209 2867.72537231445 0 0 0
"colombia" 0 0 0 0 0 0 -234.538018703461 -5.55727537721395 0 0 0 0 -786.229014396667 -85.3865519165993 -6.319351028651 0 0 0
"ghana" 0 0 0 0 0 0 0 0 0 0 0 0 2291.11576080322 2060.36806106567 20.0490448623896 0 0 0
"ivorycoast" 0 0 0 0 0 0 0 0 0 0 0 0 42254.3144226074 4162.89663314819 -810.161530971527 0 0 0
"indonesia" 0 0 0 0 0 0 0 0 0 0 0 0 -1754.50110435486 -47.0713675022125 -160.240992903709 0 0 0
"madagascar" 0 0 0 0 0 0 0 0 0 0 0 0 20575.4776000977 1316.02537631989 717.717289924622 0 0 0
"malasya" 0 0 0 0 0 0 0 0 0 0 0 0 -519.787013530731 0 0 0 0 0
"mozambique" 0 0 0 0 0 0 0 0 0 0 0 0 0 1439.3470287323 3119.55285072327 892.343282699585 0 0
"myanmar" 0 0 0 0 0 0 74.6239945292473 625.208914279938 0 0 0 0 0 1702.1210193634 771.49909734726 0 0 0
"nigeria" 0 0 0 0 0 0 0 0 0 0 0 0 -2625.58364868164 -16467.2927856445 -1079.08940315247 0 0 0
"paraguay" 0 0 0 0 0 0 -16514.2688751221 0 0 0 0 0 -90039.2990112305 0 0 0 0 0
"peru" 0 0 0 0 0 0 1309.68451499939 1735.715508461 793.464541435242 917.038798332214 2230.65948486328 123.782649636269 4001.7991065979 451.590776443481 341.096758842468 299.435496330261 158.15258026123 96.5419113636017
"uruguay" 0 0 0 0 0 0 0 0 0 0 0 0 0 0 0 0 0 0
"venezuela" 0 0 0 0 0 0 0 0 0 0 0 0 -500.445246696472 -628.755331039429 -120.528154075146 0 -8.19042976945639 0
"newzealand" 0 0 -16.4741538465023 0 0 0 -2616.61314964294 -1027.5776386261 0 0 0 0 0 0 0 0 0 0
"oceania" 0 0 0 0 0 0 -979.370772838593 -1609.12954807281 -1164.3853187561 -109.733857214451 0 0 -14.014502055943 -646.066248416901 -79.1363716125488 0 0 0
"china" 0 0 0 810.353100299835 0 3.78411309793591 5770.96700668335 7141.04270935059 4988.16585540771 1927.50513553619 3.98226268589497 1.03176897391677 151.339203119278 211.231142282486 0 0 0 0
"japan" 0 0 0 -186.196282505989 0 0 -3114.68052864075 -4176.96285247803 -6296.19026184082 -422.874301671982 0 0 0 0 0 0 0 0
"korea" 0 0 0 0 0 0 0 -1259.02676582336 -509.782433509827 0 0 0 0 0 0 0 0 0
"india" 0 0 0 0 0 0 1151.67760848999 531.982898712158 404.981732368469 716.988801956177 222.714990377426 0 0 2956.04467391968 19354.7554016113 10377.4852752686 536.440432071686 0
"eastasia" 0 0 0 328.828811645508 1.3174619525671 0 0 101.179547607899 9237.19692230225 435.622811317444 0 0 294.039964675903 0 0 0 0 0
"seasia" 0 0 0 0 0 0 816.428661346436 339.509546756744 2.60414718650281 0 0 0 9119.12822723389 7382.55023956299 6568.0251121521 0 0 0
"southasia" 0 0 0 0 0 0 0 66.6722506284714 672.431588172913 0.688545522280037 -0.176271365489811 0 353.160083293915 2342.1368598938 1109.51352119446 0 0 0
"us" 0 0 0 1.63005152717233 530.730843544006 33.970020711422 32299.6063232422 37689.6438598633 70151.0848999023 7139.88399505615 9837.04090118408 464.525938034058 0 0 0 0 0 0
"canada" 0 0 -75.5621045827866 -3178.80439758301 -1427.01745033264 0 0 -40.9113392233849 -15994.1530227661 -29712.5148773193 -449.082851409912 0 0 0 0 0 0 0
"mexico" 0 0 0 0 0 0 42.523518204689 155.971959233284 885.087192058563 -3264.83654975891 -1157.24968910217 -594.390571117401 1090.95251560211 1626.94001197815 -413.698673248291 -2869.25172805786 -299.757063388824 0
"latinamer" 0 82.3395848274231 605.203747749329 762.111127376556 1670.23813724518 98.5198318958282 3312.88003921509 2475.96645355225 2290.06242752075 1484.88736152649 868.419408798218 322.269290685654 24474.8420715332 12987.3085021973 5645.25175094604 294.336080551147 196.863010525703 0
"eu27" 0 0 -23.2246462255716 -34359.8785400391 -654.010772705078 0 -13467.3442840576 -79627.5634765625 -308335.754394531 -36662.8875732422 0 0 0 0 0 0 0 0
"uk" 0 0 -182.996824383736 -21.012008190155 0 0 -151.539459824562 -2478.26457023621 -4404.6368598938 0 0 0 0 0 0 0 0 0
"russia" 0 0 0 21271.0304260254 6842.1459197998 457.205832004547 0 80.7096362113953 5990.50521850586 18181.1447143555 2655.20429611206 0 0 0 0 0 0 0
"efta" 0 0 -89.7455513477325 -1096.97067737579 142.960652709007 0 0 0 -663.66171836853 0 0 0 0 0 0 0 0 0
"mena" 0 0 0 3.55595164000988 25.0333286821842 0 0 311.354219913483 8750.67329406738 14492.0330047607 3783.94818305969 11.4342691376805 0 0 0 0 0 0
"ssa" 0 0 0 0 0 0 0 10619.6327209473 6672.30224609375 1106.71842098236 48.4996177256107 0 39759.8571777344 59337.8982543945 52245.3689575195 7917.05322265625 324.170708656311 0
"restofworld" 0 0 5.88812306523323 404.280632734299 1393.44429969788 74.0407556295395 504.850387573242 2540.7280921936 45858.283996582 12933.837890625 36.7726162075996 0 0 0 0 0 0 0
