"angdrc" 0 0 0 0 0 0 0 0 910.776197910309 821.51210308075 0 0 982.72967338562 5235.35442352295 7093.98317337036 1558.93135070801 0 0
"argentina" 0 0 0 -244.34694647789 -376.468360424042 -287.972718477249 -2867.20299720764 0 -4644.7319984436 -4898.92196655273 -3336.94314956665 -352.274805307388 0 0 0 0 0 0
"bolivia" 0 0 0 0 0 0 -194.203346967697 -455.283045768738 -1179.08608913422 -2571.45023345947 0 0 -3792.37055778503 -19050.0164031982 -12891.4728164673 -5320.74308395386 0 0
"brasil" 0 0 0 0 0 0 15186.0837936401 0 0 0 0 0 56754.1160583496 9544.41356658936 3520.02739906311 0 0 0
"colombia" 0 0 0 0 0 0 -301.308363676071 -7.05733243376017 0 0 0 0 -868.098020553589 -109.20125246048 -8.20969045162201 0 0 0
"ghana" 0 0 0 0 0 0 0 0 0 0 0 0 3112.95700073242 2905.71165084839 30.306052416563 0 0 0
"ivorycoast" 0 0 0 0 0 0 0 0 0 0 0 0 66545.9136962891 9163.71154785156 -921.775460243225 0 0 0
"indonesia" 0 0 0 0 0 0 0 0 0 0 0 0 -2553.98201942444 -47.0382384955883 -144.042074680328 0 0 0
"madagascar" 0 0 0 0 0 0 0 0 0 0 0 0 25431.7207336426 1623.31855297089 884.583592414856 0 0 0
"malasya" 0 0 0 0 0 0 0 0 0 0 0 0 -822.106599807739 0 0 0 0 0
"mozambique" 0 0 0 0 0 0 0 0 0 0 0 0 0 1764.75811004639 3823.40383529663 1088.91618251801 0 0
"myanmar" 0 0 0 0 0 0 91.5457904338837 766.552805900574 0 0 0 0 0 2084.82193946838 940.638482570648 0 0 0
"nigeria" 0 0 0 0 0 0 0 0 0 0 0 0 -2561.04516983032 -16526.6399383545 -1025.38752555847 0 0 0
"paraguay" 0 0 0 0 0 0 -19409.6069335938 0 0 0 0 0 -103901.908874512 0 0 0 0 0
"peru" 0 0 0 0 0 0 2189.23616409302 2902.97389030457 1325.58822631836 1534.08622741699 3741.75620079041 207.177892327309 6749.88555908203 739.67432975769 565.223693847656 495.768576860428 265.436291694641 161.745578050613
"uruguay" 0 0 0 0 0 0 0 0 0 0 0 0 0 0 0 0 0 0
"venezuela" 0 0 0 0 0 0 0 0 0 0 0 0 -461.675584316254 -580.792963504791 -111.347056925297 0 -7.5969067402184 0
"newzealand" 0 0 -17.5661966204643 0 0 0 -2473.60038757324 -984.053492546082 0 0 0 0 0 0 0 0 0 0
"oceania" 0 0 0 0 0 0 -779.80649471283 -1235.29541492462 -892.002761363983 -83.7266594171524 0 0 -12.136610224843 -545.5721616745 -62.3378828167915 0 0 0
"china" 0 0 0 1503.04400920868 0 14.1235869377851 10348.1464385986 10615.0436401367 7587.86964416504 4082.66878128052 12.7084404230118 4.02792450040579 240.698844194412 406.115412712097 0 0 0 0
"japan" 0 0 0 -127.409860491753 0 0 -2122.49517440796 -2843.86348724365 -4279.68692779541 -288.88463973999 0 0 0 0 0 0 0 0
"korea" 0 0 0 0 0 0 0 -760.29896736145 -309.698283672333 0 0 0 0 0 0 0 0 0
"india" 0 0 0 0 0 0 1402.61781215668 646.053910255432 486.962765455246 879.711985588074 270.636796951294 0 0 3612.33377456665 23518.4993743896 12516.3860321045 622.097373008728 0
"eastasia" 0 0 0 181.616902351379 -32.0765748620033 0 0 108.744665980339 9337.21160888672 293.60443353653 0 0 327.725052833557 0 0 0 0 0
"seasia" 0 0 0 0 0 0 1162.93931007385 474.779009819031 3.46556794829667 0 0 0 12737.1168136597 10571.6066360474 8833.21094512939 0 0 0
"southasia" 0 0 0 0 0 0 0 74.2012560367584 754.217386245728 0.72012678720057 -0.224736635573208 0 393.760204315186 2687.49523162842 1280.58862686157 0 0 0
"us" 0 0 0 -0.718934927135706 -216.984927654266 -10.0674852728844 -22792.6635742188 -24592.8344726562 -39225.0938415527 -4651.52883529663 -4588.11664581299 -140.739515423775 0 0 0 0 0 0
"canada" 0 0 -587.350130081177 -22829.6756744385 -6997.89524078369 0 0 -225.355327129364 -44263.6451721191 -74057.7545166016 -14121.5553283691 0 0 0 0 0 0 0
"mexico" 0 0 0 0 0 0 -120.567232370377 -461.589306592941 -2837.16177940369 742.105662822723 476.607829332352 348.598420619965 -2351.93729400635 -4036.78703308105 -2386.50465011597 -122.459530830383 132.127583026886 0
"latinamer" 0 125.824958086014 926.950991153717 1163.26546669006 2546.51165008545 150.295481085777 5172.02043533325 3879.79340553284 3537.85181045532 2296.43416404724 1331.15386962891 492.274165153503 38300.3463745117 20376.8787384033 8835.41202545166 464.196860790253 310.42617559433 0
"eu27" 0 0 -19.7449363768101 -29894.9851989746 -555.237889289856 0 -11730.2274703979 -68976.2878417969 -267278.015136719 -31523.2238769531 0 0 0 0 0 0 0 0
"uk" 0 0 -96.4357703924179 -12.8839882090688 0 0 -116.301342844963 -1960.57939529419 -3497.27487564087 0 0 0 0 0 0 0 0 0
"russia" 0 0 0 27430.7765960693 8592.49687194824 582.016885280609 0 102.573931217194 7409.25121307373 22646.8925476074 3323.56095314026 0 0 0 0 0 0 0
"efta" 0 0 -79.6215832233429 -981.753051280975 113.522157073021 0 0 0 -631.567358970642 0 0 0 0 0 0 0 0 0
"mena" 0 0 0 4.13172040134668 29.4410232454538 0 0 372.766494750977 10588.1977081299 17426.4316558838 4372.40839004517 12.5444820150733 0 0 0 0 0 0
"ssa" 0 0 0 0 0 0 0 12380.6056976318 7755.1441192627 1289.07132148743 56.5134398639202 0 46095.2606201172 69014.8010253906 60496.2615966797 9181.25343322754 377.297937870026 0
"restofworld" 0 0 6.19389582425356 409.406393766403 1417.0401096344 74.5413601398468 536.828756332397 2667.53053665161 49572.4487304688 13525.7692337036 37.3160094022751 0 0 0 0 0 0 0
