"angdrc" 0 0 0 0 0 0 0 0 900.842189788818 815.569460391998 0 0 925.884068012238 5101.88293457031 7026.66616439819 1551.19872093201 0 0
"argentina" 0 0 0 -198.639497160912 -306.061863899231 -234.102755784988 -2099.20215606689 0 -3842.42153167725 -4070.41072845459 -2718.36256980896 -286.743879318237 0 0 0 0 0 0
"bolivia" 0 0 0 0 0 0 -160.346329212189 -383.467674255371 -985.584735870361 -2151.76820755005 0 0 -3154.98828887939 -15622.4679946899 -10708.6210250854 -4464.55526351929 0 0
"brasil" 0 0 0 0 0 0 15481.5502166748 0 0 0 0 0 55929.9163818359 12140.5000686646 3741.77122116089 0 0 0
"colombia" 0 0 0 0 0 0 -151.785880327225 -3.23171401396394 0 0 0 0 -181.30099773407 -52.9242232441902 -4.2370785959065 0 0 0
"ghana" 0 0 0 0 0 0 0 0 0 0 0 0 1757.02834129333 1546.12398147583 14.339430257678 0 0 0
"ivorycoast" 0 0 0 0 0 0 0 0 0 0 0 0 38870.0103759766 3792.02103614807 -749.385356903076 0 0 0
"indonesia" 0 0 0 0 0 0 0 0 0 0 0 0 -782.435297966003 15.2369532734156 6.28404319286346 0 0 0
"madagascar" 0 0 0 0 0 0 0 0 0 0 0 0 19241.5657043457 1235.33594608307 674.235105514526 0 0 0
"malasya" 0 0 0 0 0 0 0 0 0 0 0 0 -1813.54057788849 0 0 0 0 0
"mozambique" 0 0 0 0 0 0 0 0 0 0 0 0 0 1236.14060878754 2701.71022415161 771.263360977173 0 0
"myanmar" 0 0 0 0 0 0 70.749431848526 578.668832778931 0 0 0 0 0 1579.93149757385 702.924728393555 0 0 0
"nigeria" 0 0 0 0 0 0 0 0 0 0 0 0 -3148.81420135498 -18968.4619903564 -1333.83059501648 0 0 0
"paraguay" 0 0 0 0 0 0 -16926.1112213135 0 0 0 0 0 -91033.0429077148 0 0 0 0 0
"peru" 0 0 0 0 0 0 1164.9261713028 1541.4137840271 705.603241920471 814.899384975433 1978.71518135071 110.092967748642 3475.25024414062 402.236849069595 304.191917181015 267.003238201141 140.345424413681 85.7701450586319
"uruguay" 0 0 0 0 0 0 0 0 0 0 0 0 0 0 0 0 0 0
"venezuela" 0 0 0 0 0 0 0 0 0 0 0 0 -349.581509828568 -440.513968467712 -84.3888372182846 0 -5.80624584108591 0
"newzealand" 0 0 7.67605705186725 0 0 0 1569.5948600769 600.720882415771 0 0 0 0 0 0 0 0 0 0
"oceania" 0 0 0 0 0 0 833.642959594727 1330.08849620819 995.182812213898 91.2938565015793 0 0 13.5593563318253 601.192831993103 65.8461824059486 0 0 0
"china" 0 0 0 868.685781955719 0 6.55368622392416 5982.7675819397 6734.38358306885 4735.09502410889 2232.83195495605 6.15064054727554 1.86907895840704 142.840310931206 225.36689043045 0 0 0 0
"japan" 0 0 0 -219.143703579903 0 0 -3656.19087219238 -4887.47501373291 -7414.81351852417 -497.336864471436 0 0 0 0 0 0 0 0
"korea" 0 0 0 0 0 0 0 -1559.03673171997 -633.037745952606 0 0 0 0 0 0 0 0 0
"india" 0 0 0 0 0 0 1074.7857093811 498.73474240303 385.930746793747 671.197772026062 199.788868427277 0 0 2669.65484619141 17887.3062133789 9384.9983215332 482.522904872894 0
"eastasia" 0 0 0 540.14265537262 57.5372092425823 0 0 74.0104243159294 6860.10837554932 521.953940391541 0 0 248.520657420158 0 0 0 0 0
"seasia" 0 0 0 0 0 0 741.717517375946 303.367018699646 2.32355110347271 0 0 0 7931.38217926025 6783.05530548096 5895.29037475586 0 0 0
"southasia" 0 0 0 0 0 0 0 71.4453160762787 742.556929588318 0.876101083122194 0.000711908796802163 0 307.874113321304 2368.70527267456 1133.27813148499 0 0 0
"us" 0 0 0 3.35819320753217 981.101810932159 81.1906605958939 26210.3290557861 30090.3739929199 50964.4775390625 6113.3770942688 10697.1387863159 974.288046360016 0 0 0 0 0 0
"canada" 0 0 714.875459671021 27298.3798980713 8318.52340698242 0 0 247.777700424194 48222.110748291 87980.2474975586 19019.3061828613 0 0 0 0 0 0 0
"mexico" 0 0 0 0 0 0 52.8053194284439 213.733792304993 1198.5182762146 -734.056711196899 -348.785161972046 -215.380758047104 1062.39914894104 1910.75718402863 934.869527816772 -376.073896884918 -95.190241932869 0
"latinamer" 0 79.0133476257324 577.556371688843 730.15832901001 1604.65109348297 94.9819684028625 3027.81820297241 2223.47593307495 2144.15431022644 1394.68801021576 830.657362937927 310.305297374725 21464.0502929688 11547.6417541504 4988.60216140747 262.742191553116 163.723737001419 0
"eu27" 0 0 -25.7539879530668 -38306.5223693848 -689.539790153503 0 -14539.0434265137 -87881.8664550781 -344103.332519531 -40797.3442077637 0 0 0 0 0 0 0 0
"uk" 0 0 -143.58252286911 -18.6421852558851 0 0 -164.297223091125 -2772.42517471313 -4940.96088409424 0 0 0 0 0 0 0 0 0
"russia" 0 0 0 18974.1764068604 6576.9100189209 446.901053190231 0 74.7440233826637 5888.41152191162 17606.7905426025 2528.76138687134 0 0 0 0 0 0 0
"efta" 0 0 -95.0496345758438 -1169.73519325256 194.958448410034 0 0 0 -628.22437286377 0 0 0 0 0 0 0 0 0
"mena" 0 0 0 3.57804144732654 23.955013602972 0 0 279.451817274094 7191.05863571167 12916.9902801514 4061.36703491211 14.3286567181349 0 0 0 0 0 0
"ssa" 0 0 0 0 0 0 0 9652.64701843262 6134.79471206665 1053.57599258423 46.7622950673103 0 36828.0944824219 54337.6655578613 47993.6065673828 7521.56448364258 308.566719293594 0
"restofworld" 0 0 5.68022672086954 409.993559122086 1400.58279037476 75.6945312023163 482.201218605042 2445.63174247742 42177.2041320801 12367.2819137573 37.0049215853214 0 0 0 0 0 0 0
