"angdrc" 0 0 0 0 0 0 0 0 503.514051437378 449.668526649475 0 0 665.532112121582 3093.85228157043 3913.97309303284 850.140750408173 0 0
"argentina" 0 0 0 29.8552475869656 45.9948964416981 35.2535061538219 772.179543972015 0 681.52642250061 617.705345153809 401.15886926651 41.8913178145885 0 0 0 0 0 0
"bolivia" 0 0 0 0 0 0 -1470.31223773956 -3545.90678215027 -9075.16670227051 -19605.3047180176 0 0 -29396.4424133301 -142080.047607422 -97856.6436767578 -41230.7624816895 0 0
"brasil" 0 0 0 0 0 0 1789.21020030975 0 0 0 0 0 10009.9697113037 7127.06089019775 1014.7807598114 0 0 0
"colombia" 0 0 0 0 0 0 -198.860079050064 -4.56424616277218 0 0 0 0 -557.4871301651 -71.3786408305168 -5.38014667108655 0 0 0
"ghana" 0 0 0 0 0 0 0 0 0 0 0 0 1965.73209762573 1843.32466125488 19.261633977294 0 0 0
"ivorycoast" 0 0 0 0 0 0 0 0 0 0 0 0 43034.7595214844 4610.82649230957 -771.775960922241 0 0 0
"indonesia" 0 0 0 0 0 0 0 0 0 0 0 0 844.297826290131 7.41547159850597 -44.6764007210732 0 0 0
"madagascar" 0 0 0 0 0 0 0 0 0 0 0 0 20019.9241638184 1288.01488876343 703.13960313797 0 0 0
"malasya" 0 0 0 0 0 0 0 0 0 0 0 0 654.672741889954 0 0 0 0 0
"mozambique" 0 0 0 0 0 0 0 0 0 0 0 0 0 1192.83080101013 2536.7226600647 726.516604423523 0 0
"myanmar" 0 0 0 0 0 0 81.5315693616867 681.360304355621 0 0 0 0 0 1863.24036121368 794.839560985565 0 0 0
"nigeria" 0 0 0 0 0 0 0 0 0 0 0 0 -3212.81719207764 -20174.7188568115 -1308.00628662109 0 0 0
"paraguay" 0 0 0 0 0 0 49.6103093028069 0 0 0 0 0 -200.750455260277 0 0 0 0 0
"peru" 0 0 0 0 0 0 1493.41070652008 1964.97929096222 902.796685695648 1042.16027259827 2524.01995658875 141.37676358223 4121.38557434082 497.137725353241 387.310743331909 339.328795671463 179.162323474884 109.841763973236
"uruguay" 0 0 0 0 0 0 0 0 0 0 0 0 0 0 0 0 0 0
"venezuela" 0 0 0 0 0 0 0 0 0 0 0 0 -56.4854219555855 -78.2932192087173 -14.1452942043543 0 -1.17242150008678 0
"newzealand" 0 0 -15.9948281943798 0 0 0 -2607.45692253113 -1021.27373218536 0 0 0 0 0 0 0 0 0 0
"oceania" 0 0 0 0 0 0 -1125.75769424438 -1896.64006233215 -1369.04287338257 -129.423663020134 0 0 -15.0170614942908 -704.890012741089 -93.1039750576019 0 0 0
"china" 0 0 0 1106.90331459045 0 9.8544042557478 7383.05282592773 7801.65910720825 5584.79118347168 2924.88527297974 8.99144820868969 2.80457828193903 171.489030122757 285.508513450623 0 0 0 0
"japan" 0 0 0 -185.179173946381 0 0 -3097.28169441223 -4157.0725440979 -6263.10396194458 -420.572102069855 0 0 0 0 0 0 0 0
"korea" 0 0 0 0 0 0 0 -1292.17076301575 -519.886314868927 0 0 0 0 0 0 0 0 0
"india" 0 0 0 0 0 0 941.034734249115 427.120417356491 310.596853494644 570.256650447845 178.15688252449 0 0 2541.77188873291 15923.6440658569 8860.61859130859 453.026682138443 0
"eastasia" 0 0 0 588.737607002258 58.6930736899376 0 0 91.0399854183197 8238.30223083496 590.884149074554 0 0 289.986371994019 0 0 0 0 0
"seasia" 0 0 0 0 0 0 765.922605991364 295.836448669434 2.38582072779536 0 0 0 8472.30815887451 7047.79815673828 6011.96241378784 0 0 0
"southasia" 0 0 0 0 0 0 0 63.8505294919014 661.583721637726 0.838272855617106 0.0998062241706066 0 374.018132686615 2085.90221405029 965.431392192841 0 0 0
"us" 0 0 0 2.67468066886067 809.583067893982 61.4751167595387 32205.0247192383 36774.7039794922 68862.8005981445 7382.92646408081 11237.0185852051 778.26052904129 0 0 0 0 0 0
"canada" 0 0 -572.883486747742 -22388.8397216797 -7179.32987213135 0 0 -166.726589202881 -46248.6877441406 -87934.3490600586 -12591.290473938 0 0 0 0 0 0 0
"mexico" 0 0 0 0 0 0 -34.860011190176 -159.583151340485 -1474.11012649536 1550.65822601318 660.866379737854 380.204498767853 -723.45906496048 -1838.69469165802 -928.034901618958 1494.2067861557 180.321604013443 0
"latinamer" 0 66.8939277529716 493.233770132065 618.931412696838 1353.99651527405 79.7834098339081 2775.44713020325 2124.35555458069 1892.1936750412 1223.48403930664 706.716656684875 261.168479919434 21009.1514587402 11155.5604934692 4900.52604675293 248.378813266754 161.83003783226 0
"eu27" 0 0 -23.9169932901859 -35614.2959594727 -663.994669914246 0 -13792.5224304199 -81941.6656494141 -318437.561035156 -37794.548034668 0 0 0 0 0 0 0 0
"uk" 0 0 -122.407637536526 -16.2295438349247 0 0 -144.604220986366 -2439.55612182617 -4350.11672973633 0 0 0 0 0 0 0 0 0
"russia" 0 0 0 18963.6993408203 6068.77851486206 402.066320180893 0 72.2598731517792 5323.41051101685 16166.4371490479 2359.48514938354 0 0 0 0 0 0 0
"efta" 0 0 -90.2564898133278 -1111.09673976898 180.361807346344 0 0 0 -607.771277427673 0 0 0 0 0 0 0 0 0
"mena" 0 0 0 3.45025490969419 23.5288366675377 0 0 270.770013332367 7479.95233535767 12909.3322753906 3783.3468914032 12.751423753798 0 0 0 0 0 0
"ssa" 0 0 0 0 0 0 0 10289.1330718994 6687.06607818604 1183.0518245697 53.2572120428085 0 40143.180847168 58794.7731018066 52501.3275146484 8416.03660583496 347.462594509125 0
"restofworld" 0 0 5.80205023288727 413.721531629562 1422.66607284546 76.0558918118477 501.357436180115 2539.05153274536 44816.8449401855 12919.9962615967 37.5407934188843 0 0 0 0 0 0 0
