"angdrc" 0 0 0 0 0 0 0 0 -780.545711517334 -681.588411331177 0 0 -1458.65607261658 -5484.54761505127 -5976.8238067627 -1259.67335700989 0 0
"argentina" 0 0 0 -1449.84483718872 -2223.44160079956 -1701.28965377808 -35781.1546325684 0 -32075.626373291 -31069.3321228027 -19947.2770690918 -2061.77616119385 0 0 0 0 0 0
"bolivia" 0 0 0 0 0 0 -1409.93463993073 -3416.95547103882 -8731.30321502686 -18852.4971008301 0 0 -28215.9614562988 -136088.256835938 -94061.6912841797 -39673.0804443359 0 0
"brasil" 0 0 0 0 0 0 -46172.306060791 0 0 0 0 0 -336773.4375 -98426.1932373047 -22889.4081115723 0 0 0
"colombia" 0 0 0 0 0 0 -9288.65337371826 -280.280500650406 0 0 0 0 -85644.9279785156 -3749.73201751709 -224.930763244629 0 0 0
"ghana" 0 0 0 0 0 0 0 0 0 0 0 0 -25189.3653869629 -28822.2770690918 -433.714389801025 0 0 0
"ivorycoast" 0 0 0 0 0 0 0 0 0 0 0 0 -148160.827636719 -649611.938476562 -83746.0174560547 0 0 0
"indonesia" 0 0 0 0 0 0 0 0 0 0 0 0 -5732.84339904785 -3.84345534257591 252.917468547821 0 0 0
"madagascar" 0 0 0 0 0 0 0 0 0 0 0 0 -3654.07490730286 -181.936964392662 -94.7314202785492 0 0 0
"malasya" 0 0 0 0 0 0 0 0 0 0 0 0 -3906.80146217346 0 0 0 0 0
"mozambique" 0 0 0 0 0 0 0 0 0 0 0 0 0 583.2679271698 1666.32843017578 476.378381252289 0 0
"myanmar" 0 0 0 0 0 0 -20.5947235226631 -191.285327076912 0 0 0 0 0 -509.544968605042 -212.425038218498 0 0 0
"nigeria" 0 0 0 0 0 0 0 0 0 0 0 0 -1290.18926620483 -6822.73387908936 -553.905844688416 0 0 0
"paraguay" 0 0 0 0 0 0 -2721.72164916992 0 0 0 0 0 -4626.55735015869 0 0 0 0 0
"peru" 0 0 0 0 0 0 -43840.0344848633 -55480.5908203125 -26070.6253051758 -29837.3985290527 -71215.2328491211 -4183.99906158447 -36352.3178100586 -10238.3680343628 -11514.594078064 -9479.83837127686 -5231.65035247803 -3178.24172973633
"uruguay" 0 0 0 0 0 0 0 0 0 0 0 0 0 0 0 0 0 0
"venezuela" 0 0 0 0 0 0 0 0 0 0 0 0 -2066.72668457031 -2524.51586723328 -492.868065834045 0 -30.3968414664268 0
"newzealand" 0 0 -18.5962971299887 0 0 0 -2071.91729545593 -849.132061004639 0 0 0 0 0 0 0 0 0 0
"oceania" 0 0 0 0 0 0 -849.267840385437 -1555.94098567963 -1075.47307014465 -103.235945105553 0 0 -8.32407921552658 -421.294212341309 -75.1084536314011 0 0 0
"china" 0 0 0 1843.46389770508 0 41.9088676571846 10933.1703186035 3733.47902297974 3183.34293365479 6609.46798324585 34.1431312263012 12.3498272150755 123.456314206123 513.565540313721 0 0 0 0
"japan" 0 0 0 -50.3600127995014 0 0 -823.64147901535 -1104.72011566162 -1672.86419868469 -113.637454807758 0 0 0 0 0 0 0 0
"korea" 0 0 0 0 0 0 0 -203.690394759178 -68.5086399316788 0 0 0 0 0 0 0 0 0
"india" 0 0 0 0 0 0 -867.224633693695 -378.887116909027 -380.906939506531 -594.659566879272 -239.992797374725 0 0 -2188.22550773621 -14279.2825698853 -9498.50368499756 -681.648850440979 0
"eastasia" 0 0 0 391.160845756531 116.189859807491 0 0 -56.6960573196411 -5481.11391067505 159.252151846886 0 0 -106.638357043266 0 0 0 0 0
"seasia" 0 0 0 0 0 0 -15.9231293946505 -34.6440300345421 -0.291443953756243 0 0 0 -2014.09244537354 488.80597949028 -542.125582695007 0 0 0
"southasia" 0 0 0 0 0 0 0 -68.5438886284828 -564.233541488647 -0.599992228671908 0.546338269487023 0 -279.933243989944 -1770.7953453064 -902.499437332153 0 0 0
"us" 0 0 0 6.67443871498108 1811.37561798096 180.253863334656 -26379.6463012695 -28888.8893127441 -64394.7296142578 -1766.55769348145 7160.15434265137 1926.25427246094 0 0 0 0 0 0
"canada" 0 0 -1003.47685813904 -39155.4107666016 -11925.1289367676 0 0 -362.171083688736 -71862.6861572266 -126541.519165039 -23683.3229064941 0 0 0 0 0 0 0
"mexico" 0 0 0 0 0 0 -79.9214541912079 -312.006950378418 -2119.056224823 500.863194465637 349.488198757172 255.744189023972 -1509.5362663269 -2811.43093109131 -1791.94140434265 -23.6817952245474 97.0687493681908 0
"latinamer" 0 -70.6765279173851 -513.879179954529 -652.421772480011 -1436.92648410797 -85.1825177669525 -2601.18341445923 -1800.67110061646 -1845.15154361725 -1209.07390117645 -738.332748413086 -277.533710002899 -16575.1304626465 -8892.15278625488 -3722.2261428833 -209.308177232742 -110.378086566925 0
"eu27" 0 0 -20.3567557036877 -28118.2918548584 -604.902446269989 0 -11507.6713562012 -66924.7589111328 -260046.051025391 -32047.9278564453 0 0 0 0 0 0 0 0
"uk" 0 0 -1012.84158229828 -98.8128259778023 0 0 -482.605636119843 -7208.46366882324 -12691.9298171997 0 0 0 0 0 0 0 0 0
"russia" 0 0 0 -7868.54457855225 -1221.39286994934 -68.4514045715332 0 -20.2025882899761 -652.51499414444 -2658.62560272217 -498.128950595856 0 0 0 0 0 0 0
"efta" 0 0 -29.3296538293362 -399.019956588745 262.874454259872 0 0 0 139.511585235596 0 0 0 0 0 0 0 0 0
"mena" 0 0 0 -1.13755883648992 -12.788956053555 0 0 -240.889236330986 -8808.18462371826 -10885.6658935547 -445.868194103241 6.0133496299386 0 0 0 0 0 0
"ssa" 0 0 0 0 0 0 0 -3355.40223121643 -1640.13051986694 -40.5230931937695 2.54148617386818 0 -7228.2567024231 -15430.1662445068 -13362.1501922607 -516.986012458801 -8.74079763889313 0
"restofworld" 0 0 0.552193960174918 132.951006293297 414.494186639786 26.7560537904501 34.5767065882683 308.181524276733 -2808.22849273682 1442.45505332947 11.1931692808867 0 0 0 0 0 0 0
