"angdrc" 0 0 0 0 0 0 0 0 538.681864738464 481.578499078751 0 0 701.367020606995 3291.80669784546 4188.06457519531 910.802662372589 0 0
"argentina" 0 0 0 39.4694767892361 60.7709735631943 46.5968586504459 587.69416809082 0 233.360186219215 524.833083152771 515.246570110321 55.6899607181549 0 0 0 0 0 0
"bolivia" 0 0 0 0 0 0 -1440.20342826843 -3476.67002677917 -8895.58029174805 -19218.3437347412 0 0 -28795.6428527832 -139148.834228516 -95915.0085449219 -40418.7927246094 0 0
"brasil" 0 0 0 0 0 0 -1324.99778270721 0 0 0 0 0 -6834.94281768799 2503.42917442322 190.478593111038 0 0 0
"colombia" 0 0 0 0 0 0 -10533.0114364624 -316.319048404694 0 0 0 0 -95830.6732177734 -4243.56698989868 -255.955189466476 0 0 0
"ghana" 0 0 0 0 0 0 0 0 0 0 0 0 2272.11999893188 2213.83142471313 24.8208921402693 0 0 0
"ivorycoast" 0 0 0 0 0 0 0 0 0 0 0 0 65672.1038818359 9400.31623840332 -856.704235076904 0 0 0
"indonesia" 0 0 0 0 0 0 0 0 0 0 0 0 807.959198951721 22.8794887661934 0.295297708362341 0 0 0
"madagascar" 0 0 0 0 0 0 0 0 0 0 0 0 24006.0005187988 1542.72663593292 841.747581958771 0 0 0
"malasya" 0 0 0 0 0 0 0 0 0 0 0 0 736.588954925537 0 0 0 0 0
"mozambique" 0 0 0 0 0 0 0 0 0 0 0 0 0 1533.68186950684 3286.86213493347 936.296761035919 0 0
"myanmar" 0 0 0 0 0 0 103.105768561363 859.354078769684 0 0 0 0 0 2353.76214981079 995.909690856934 0 0 0
"nigeria" 0 0 0 0 0 0 0 0 0 0 0 0 -3027.67944335938 -19383.6269378662 -1208.11653137207 0 0 0
"paraguay" 0 0 0 0 0 0 23.4500262886286 0 0 0 0 0 -269.738972187042 0 0 0 0 0
"peru" 0 0 0 0 0 0 2318.32933425903 3059.97848510742 1401.76296234131 1621.02258205414 3942.88396835327 219.617456197739 6718.52016448975 765.511274337769 596.814215183258 522.826015949249 279.919803142548 171.035751700401
"uruguay" 0 0 0 0 0 0 0 0 0 0 0 0 0 0 0 0 0 0
"venezuela" 0 0 0 0 0 0 0 0 0 0 0 0 -317.329108715057 -399.187743663788 -76.622799038887 0 -5.07749151438475 0
"newzealand" 0 0 -16.7592838406563 0 0 0 -2506.07538223267 -990.35507440567 0 0 0 0 0 0 0 0 0 0
"oceania" 0 0 0 0 0 0 -994.964122772217 -1639.4681930542 -1181.61296844482 -111.63953691721 0 0 -14.0063278377056 -645.663738250732 -81.7642509937286 0 0 0
"china" 0 0 0 2079.1380405426 0 25.4117846488953 13514.2917633057 12053.6098480225 8852.21481323242 5981.78052902222 22.0569856464863 7.3295496404171 282.263278961182 550.105512142181 0 0 0 0
"japan" 0 0 0 -137.177407741547 0 0 -2286.31019592285 -3065.57941436768 -4613.66081237793 -311.12015247345 0 0 0 0 0 0 0 0
"korea" 0 0 0 0 0 0 0 -820.596814155579 -329.960584640503 0 0 0 0 0 0 0 0 0
"india" 0 0 0 0 0 0 1158.18667411804 525.346875190735 382.265210151672 719.078421592712 222.37391769886 0 0 3146.62718772888 19673.1109619141 10840.3129577637 532.176911830902 0
"eastasia" 0 0 0 489.159435033798 37.5710055232048 0 0 98.6517518758774 8014.48249816895 475.759088993073 0 0 329.448819160461 0 0 0 0 0
"seasia" 0 0 0 0 0 0 1098.7708568573 420.880198478699 3.15220188349485 0 0 0 11914.3743515015 10155.0197601318 8043.08891296387 0 0 0
"southasia" 0 0 0 0 0 0 0 70.4376697540283 744.499087333679 0.933951640035957 0.13896549353376 0 412.680923938751 2366.19806289673 1094.17915344238 0 0 0
"us" 0 0 0 0.865748734213412 194.611385464668 32.6508693397045 -28626.4877319336 -31881.9007873535 -56153.5530090332 -5319.13757324219 -3604.83431816101 319.49520111084 0 0 0 0 0 0
"canada" 0 0 -861.646413803101 -33564.7354125977 -10360.8236312866 0 0 -330.761104822159 -63672.6570129395 -110080.955505371 -20787.2867584229 0 0 0 0 0 0 0
"mexico" 0 0 0 0 0 0 -130.378857254982 -499.128818511963 -3120.30553817749 1406.37111663818 722.277998924255 478.336423635483 -2569.57054138184 -4494.83203887939 -2418.09511184692 444.072484970093 194.852367043495 0
"latinamer" 0 103.910513222218 768.409132957458 959.858775138855 2096.56190872192 123.626172542572 4407.95755386353 3357.58852958679 2969.03157234192 1926.63133144379 1101.45354270935 405.275464057922 33117.7864074707 17654.7584533691 7678.54022979736 399.530202150345 264.517813920975 0
"eu27" 0 0 -21.431777626276 -32743.6752319336 -584.606468677521 0 -12564.4989013672 -74521.7208862305 -290224.548339844 -34081.5505981445 0 0 0 0 0 0 0 0
"uk" 0 0 -20.4421021044254 -7.22260400652885 0 0 -114.020816981792 -2023.78487586975 -3629.88066673279 0 0 0 0 0 0 0 0 0
"russia" 0 0 0 25299.2630004883 7892.94528961182 528.260886669159 0 95.2400714159012 6825.66356658936 20874.8111724854 3063.09294700623 0 0 0 0 0 0 0
"efta" 0 0 -81.4448744058609 -1018.26417446136 172.986567020416 0 0 0 -555.172085762024 0 0 0 0 0 0 0 0 0
"mena" 0 0 0 3.89454700052738 26.7866794019938 0 0 311.479121446609 8695.25337219238 14903.8257598877 4261.28196716309 13.9803374186158 0 0 0 0 0 0
"ssa" 0 0 0 0 0 0 0 11557.9681396484 7546.08821868896 1353.70123386383 61.2695477902889 0 45264.9078369141 66209.4345092773 59093.9865112305 9580.54733276367 397.565841674805 0
"restofworld" 0 0 6.18157675489783 431.323349475861 1487.13195323944 79.0143013000488 538.232326507568 2703.83095741272 48587.2955322266 13729.1059494019 39.1841605305672 0 0 0 0 0 0 0
