"angdrc" 0 0 0 0 0 0 0 0 319.511353969574 287.500739097595 0 0 358.061015605927 1853.39641571045 2492.31004714966 546.623647212982 0 0
"argentina" 0 0 0 -2012.88175582886 -3081.946849823 -2359.77458953857 -42311.4814758301 0 -36511.646270752 -39026.5960693359 -27209.9113464355 -2848.18267822266 0 0 0 0 0 0
"bolivia" 0 0 0 0 0 0 -147.450998425484 -342.661589384079 -892.306268215179 -1947.75056838989 0 0 -2868.40343475342 -14530.9896469116 -9851.04274749756 -4048.55155944824 0 0
"brasil" 0 0 0 0 0 0 1052.19411849976 0 0 0 0 0 -8510.77842712402 -19035.5224609375 -2034.96408462524 0 0 0
"colombia" 0 0 0 0 0 0 -224.849998950958 -5.01375459134579 0 0 0 0 -348.334312438965 -79.9311399459839 -6.30995165556669 0 0 0
"ghana" 0 0 0 0 0 0 0 0 0 0 0 0 -21554.6684265137 -26177.8011322021 -414.620906114578 0 0 0
"ivorycoast" 0 0 0 0 0 0 0 0 0 0 0 0 -153907.592773438 -684094.848632812 -87944.4961547852 0 0 0
"indonesia" 0 0 0 0 0 0 0 0 0 0 0 0 -3862.79249191284 -26.604775339365 -25.7240422070026 0 0 0
"madagascar" 0 0 0 0 0 0 0 0 0 0 0 0 20823.3451843262 1348.81353378296 737.234592437744 0 0 0
"malasya" 0 0 0 0 0 0 0 0 0 0 0 0 -2192.10386276245 0 0 0 0 0
"mozambique" 0 0 0 0 0 0 0 0 0 0 0 0 0 1634.52506065369 3693.56942176819 1056.91182613373 0 0
"myanmar" 0 0 0 0 0 0 19.1033408045769 188.86199593544 0 0 0 0 0 466.391533613205 266.406148672104 0 0 0
"nigeria" 0 0 0 0 0 0 0 0 0 0 0 0 2767.98319816589 18916.9273376465 1062.07799911499 0 0 0
"paraguay" 0 0 0 0 0 0 -14197.7910995483 0 0 0 0 0 -75115.7073974609 0 0 0 0 0
"peru" 0 0 0 0 0 0 2191.32709503174 2897.43423461914 1325.79612731934 1533.56170654297 3733.64400863647 207.499116659164 6500.72574615479 730.654239654541 564.977526664734 495.216637849808 264.976114034653 161.745205521584
"uruguay" 0 0 0 0 0 0 0 0 0 0 0 0 0 0 0 0 0 0
"venezuela" 0 0 0 0 0 0 0 0 0 0 0 0 -423.307478427887 -527.891993522644 -102.178558707237 0 -6.84131076559424 0
"newzealand" 0 0 -24.6148072183132 0 0 0 -3312.88361549377 -1325.19209384918 0 0 0 0 0 0 0 0 0 0
"oceania" 0 0 0 0 0 0 -1187.27684020996 -1952.11589336395 -1403.08403968811 -131.184995174408 0 0 -16.7266074568033 -772.400200366974 -96.2802618741989 0 0 0
"china" 0 0 0 2108.59203338623 0 28.2861217856407 13568.5186386108 11265.0575637817 8286.66973114014 6223.24466705322 24.308655411005 8.2044331356883 267.947018146515 564.694464206696 0 0 0 0
"japan" 0 0 0 -142.292439937592 0 0 -2371.99401855469 -3176.2318611145 -4784.94071960449 -322.664678096771 0 0 0 0 0 0 0 0
"korea" 0 0 0 0 0 0 0 -819.993376731873 -331.617891788483 0 0 0 0 0 0 0 0 0
"india" 0 0 0 0 0 0 762.010931968689 362.515240907669 231.734663248062 419.654875993729 116.131275892258 0 0 1850.14748573303 12162.2695922852 5447.07584381104 173.349991440773 0
"eastasia" 0 0 0 335.796535015106 11.9969146326184 0 0 85.366502404213 7214.70022201538 351.165056228638 0 0 286.694586277008 0 0 0 0 0
"seasia" 0 0 0 0 0 0 971.64911031723 394.106090068817 2.90900282561779 0 0 0 10246.7555999756 9182.9833984375 7446.2423324585 0 0 0
"southasia" 0 0 0 0 0 0 0 23.1435038149357 304.115533828735 0.157691203639843 -0.0306699803331867 0 171.726062893867 1363.95037174225 618.712425231934 0 0 0
"us" 0 0 0 1.13740703091025 286.62958741188 40.4403060674667 -30617.359161377 -32724.8611450195 -58799.5300292969 -5369.18830871582 -2838.10949325562 388.236165046692 0 0 0 0 0 0
"canada" 0 0 -947.625160217285 -37090.5990600586 -11389.2116546631 0 0 -368.934750556946 -68910.6292724609 -120288.360595703 -22818.9449310303 0 0 0 0 0 0 0
"mexico" 0 0 0 0 0 0 -137.841194868088 -527.143716812134 -3328.97663116455 913.975954055786 572.720766067505 416.814923286438 -2679.4764995575 -4697.79014587402 -2821.64454460144 -82.5757682323456 157.891154289246 0
"latinamer" 0 85.1851031184196 632.983326911926 787.24992275238 1714.8894071579 100.861109793186 3744.56739425659 2925.64487457275 2500.80418586731 1611.3874912262 905.059039592743 330.984234809875 30080.3699493408 15791.6326522827 6959.82074737549 354.427576065063 263.470321893692 0
"eu27" 0 0 -25.8593019098043 -35541.7938232422 -827.215492725372 0 -15119.3656921387 -86242.6681518555 -330715.270996094 -40706.7909240723 0 0 0 0 0 0 0 0
"uk" 0 0 -88.2967785000801 -12.9957981407642 0 0 -130.454555153847 -2230.61656951904 -3982.33366012573 0 0 0 0 0 0 0 0 0
"russia" 0 0 0 19469.5854187012 6472.90372848511 432.359367609024 0 74.9329254031181 5747.89667129517 17262.3043060303 2481.76431655884 0 0 0 0 0 0 0
"efta" 0 0 -87.1307700872421 -1084.97881889343 171.028137207031 0 0 0 -613.72971534729 0 0 0 0 0 0 0 0 0
"mena" 0 0 0 3.22792609222233 21.4055478572845 0 0 241.521805524826 5943.95065307617 11213.4704589844 3665.86470603943 13.203727081418 0 0 0 0 0 0
"ssa" 0 0 0 0 0 0 0 8859.20333862305 5710.14595031738 1035.43984889984 47.0894947648048 0 35417.7551269531 50715.5609130859 44288.0096435547 7245.26071548462 304.584860801697 0
"restofworld" 0 0 5.73648884892464 406.748980283737 1391.43633842468 74.8450234532356 490.804374217987 2468.4100151062 43145.263671875 12431.3049316406 36.6959720849991 0 0 0 0 0 0 0
