"angdrc" 0 0 0 0 0 0 0 0 131.32318854332 99.2638915777206 0 0 505.461394786835 1350.4102230072 973.277449607849 169.951111078262 0 0
"argentina" 0 0 0 -2089.41650390625 -3198.39763641357 -2449.05877113342 -42914.8025512695 0 -36599.0142822266 -39786.9529724121 -28186.1305236816 -2955.34920692444 0 0 0 0 0 0
"bolivia" 0 0 0 0 0 0 -145.619139075279 -345.966726541519 -886.154234409332 -1909.37113761902 0 0 -2846.35281562805 -14148.9191055298 -9494.27223205566 -3911.84830665588 0 0
"brasil" 0 0 0 0 0 0 1661.54336929321 0 0 0 0 0 2387.44449615479 -22239.4256591797 -2505.77545166016 0 0 0
"colombia" 0 0 0 0 0 0 -348.654359579086 -8.50765220820904 0 0 0 0 -1296.37455940247 -128.419533371925 -9.38388332724571 0 0 0
"ghana" 0 0 0 0 0 0 0 0 0 0 0 0 -21309.2613220215 -25982.5820922852 -412.90956735611 0 0 0
"ivorycoast" 0 0 0 0 0 0 0 0 0 0 0 0 -153986.099243164 -686150.573730469 -88185.9741210938 0 0 0
"indonesia" 0 0 0 0 0 0 0 0 0 0 0 0 -2837.84747123718 -30.828895047307 -55.5396750569344 0 0 0
"madagascar" 0 0 0 0 0 0 0 0 0 0 0 0 21967.3957824707 1412.72139549255 771.121144294739 0 0 0
"malasya" 0 0 0 0 0 0 0 0 0 0 0 0 -1051.20420455933 0 0 0 0 0
"mozambique" 0 0 0 0 0 0 0 0 0 0 0 0 0 1698.18925857544 3791.38803482056 1087.67342567444 0 0
"myanmar" 0 0 0 0 0 0 11.1190974712372 132.510632276535 0 0 0 0 0 304.883897304535 194.79712843895 0 0 0
"nigeria" 0 0 0 0 0 0 0 0 0 0 0 0 -3265.8519744873 -20514.4271850586 -1301.94234848022 0 0 0
"paraguay" 0 0 0 0 0 0 -10093.5192108154 0 0 0 0 0 -70748.6190795898 0 0 0 0 0
"peru" 0 0 0 0 0 0 2240.56315422058 2964.88451957703 1355.78811168671 1568.41635704041 3820.74999809265 212.131187319756 6726.80234909058 749.257326126099 577.707529067993 506.48045539856 270.991027355194 165.420472621918
"uruguay" 0 0 0 0 0 0 0 0 0 0 0 0 0 0 0 0 0 0
"venezuela" 0 0 0 0 0 0 0 0 0 0 0 0 -623.379111289978 -780.170917510986 -150.273278355598 0 -10.1770339533687 0
"newzealand" 0 0 -26.9086603075266 0 0 0 -3433.80928039551 -1382.49313831329 0 0 0 0 0 0 0 0 0 0
"oceania" 0 0 0 0 0 0 -1072.29065895081 -1754.17733192444 -1235.51285266876 -116.027750074863 0 0 -15.2598265558481 -700.750946998596 -87.226040661335 0 0 0
"china" 0 0 0 1553.4735918045 0 17.3207744956017 10144.6704864502 9532.17792510986 6916.6784286499 4339.36405181885 15.2769954875112 4.98520489782095 218.88142824173 411.093294620514 0 0 0 0
"japan" 0 0 0 -137.594014406204 0 0 -2294.14033889771 -3075.66380500793 -4628.07464599609 -312.101930379868 0 0 0 0 0 0 0 0
"korea" 0 0 0 0 0 0 0 -809.655904769897 -327.662408351898 0 0 0 0 0 0 0 0 0
"india" 0 0 0 0 0 0 782.238006591797 363.619983196259 241.146773099899 439.475834369659 141.152054071426 0 0 2016.05367660522 12632.4348449707 6372.21813201904 259.992569684982 0
"eastasia" 0 0 0 196.838408708572 -19.7469498962164 0 0 88.1503075361252 7778.70273590088 266.217231750488 0 0 276.080459356308 0 0 0 0 0
"seasia" 0 0 0 0 0 0 917.982578277588 373.039960861206 2.8763790614903 0 0 0 10053.2302856445 8614.72511291504 7305.02462387085 0 0 0
"southasia" 0 0 0 0 0 0 0 31.420074403286 351.337045431137 0.221059555769898 -0.153516390128061 0 222.977638244629 1484.33947563171 681.865274906158 0 0 0
"us" 0 0 0 -0.264412112301216 -86.9960337877274 3.06708086282015 -26077.5775909424 -26450.3002166748 -41407.8369140625 -4989.83669281006 -4091.1693572998 -16.3430348038673 0 0 0 0 0 0
"canada" 0 0 -667.881190776825 -26073.1048583984 -8069.18716430664 0 0 -302.721560001373 -50710.2279663086 -85359.8251342773 -16503.3874511719 0 0 0 0 0 0 0
"mexico" 0 0 0 0 0 0 -130.658239126205 -498.043209314346 -3120.81456184387 733.446478843689 493.032246828079 369.799673557281 -2503.821849823 -4303.16781997681 -2544.85654830933 -204.863846302032 137.27992773056 0
"latinamer" 0 71.0333660244942 533.184051513672 658.148348331451 1426.15079879761 83.3429843187332 3412.20664978027 2750.9298324585 2191.44535064697 1396.95882797241 759.5055103302 274.166435003281 29505.7735443115 15072.1683502197 6797.55449295044 334.123522043228 274.022907018661 0
"eu27" 0 0 -24.211723357439 -32693.5195922852 -796.055376529694 0 -14237.4095916748 -80064.3920898438 -305497.497558594 -37834.5336914062 0 0 0 0 0 0 0 0
"uk" 0 0 -124.594151973724 -15.5772231519222 0 0 -129.059761762619 -2148.67067337036 -3830.4009437561 0 0 0 0 0 0 0 0 0
"russia" 0 0 0 23043.2815551758 6734.91334915161 444.008141756058 0 83.0528885126114 5687.91913986206 17635.9634399414 2628.14474105835 0 0 0 0 0 0 0
"efta" 0 0 -86.0492289066315 -1057.83998966217 129.960283637047 0 0 0 -661.842823028564 0 0 0 0 0 0 0 0 0
"mena" 0 0 0 3.36209731176496 23.6494783312082 0 0 290.07875919342 8132.30037689209 13511.7921829224 3560.52756309509 10.81233471632 0 0 0 0 0 0
"ssa" 0 0 0 0 0 0 0 9903.44429016113 6258.58926773071 1074.3066072464 47.8296540677547 0 38023.6206054688 55469.8791503906 48430.7022094727 7550.73928833008 315.034955739975 0
"restofworld" 0 0 6.03492558002472 403.438210487366 1394.5038318634 73.5635906457901 518.621146678925 2594.9821472168 47618.7553405762 13205.493927002 36.7597937583923 0 0 0 0 0 0 0
