"angdrc" 0 0 0 0 0 0 0 0 784.813284873962 703.662216663361 0 0 929.894030094147 4647.66931533813 6102.44750976562 1331.30812644958 0 0
"argentina" 0 0 0 -259.708285331726 -400.110632181168 -306.013882160187 -2993.79229545593 0 -4517.80080795288 -4972.89896011353 -3542.8740978241 -374.702960252762 0 0 0 0 0 0
"bolivia" 0 0 0 0 0 0 -199.024185538292 -464.32700753212 -1204.90252971649 -2631.0703754425 0 0 -3880.98335266113 -19555.6678771973 -13190.9408569336 -5438.03977966309 0 0
"brasil" 0 0 0 0 0 0 14347.2023010254 0 0 0 0 0 55111.270904541 7609.04884338379 3073.31895828247 0 0 0
"colombia" 0 0 0 0 0 0 -313.690841197968 -7.4497302994132 0 0 0 0 -994.852244853973 -114.397205412388 -8.51074885576963 0 0 0
"ghana" 0 0 0 0 0 0 0 0 0 0 0 0 2979.08496856689 2778.45048904419 29.1016884148121 0 0 0
"ivorycoast" 0 0 0 0 0 0 0 0 0 0 0 0 66110.7940673828 9107.21588134766 -914.620399475098 0 0 0
"indonesia" 0 0 0 0 0 0 0 0 0 0 0 0 -2351.10378265381 -42.4541383981705 -139.195650815964 0 0 0
"madagascar" 0 0 0 0 0 0 0 0 0 0 0 0 25205.5625915527 1609.46774482727 877.1071434021 0 0 0
"malasya" 0 0 0 0 0 0 0 0 0 0 0 0 -675.298035144806 0 0 0 0 0
"mozambique" 0 0 0 0 0 0 0 0 0 0 0 0 0 1640.49994945526 3541.43118858337 1009.49716567993 0 0
"myanmar" 0 0 0 0 0 0 93.526303768158 783.023834228516 0 0 0 0 0 2130.9232711792 964.572548866272 0 0 0
"nigeria" 0 0 0 0 0 0 0 0 0 0 0 0 4272.80855178833 27542.9058074951 1690.88971614838 0 0 0
"paraguay" 0 0 0 0 0 0 -21319.0574645996 0 0 0 0 0 -105498.85559082 0 0 0 0 0
"peru" 0 0 0 0 0 0 2178.92527580261 2889.77670669556 1319.33641433716 1526.9660949707 3725.30794143677 206.208720803261 6737.82444000244 735.639095306396 562.263906002045 493.194609880447 264.237761497498 161.01011633873
"uruguay" 0 0 0 0 0 0 0 0 0 0 0 0 0 0 0 0 0 0
"venezuela" 0 0 0 0 0 0 0 0 0 0 0 0 -537.992060184479 -674.653470516205 -129.211857914925 0 -8.65670014172792 0
"newzealand" 0 0 -19.7998657822609 0 0 0 -2668.20740699768 -1066.97535514832 0 0 0 0 0 0 0 0 0 0
"oceania" 0 0 0 0 0 0 -745.924174785614 -1162.29236125946 -840.717673301697 -78.7487477064133 0 0 -12.0378918945789 -536.25214099884 -58.8061287999153 0 0 0
"china" 0 0 0 1680.99510669708 0 16.5454037487507 11398.4661102295 11419.3744659424 8231.15253448486 4608.14476013184 14.8066785186529 4.73304558545351 259.878516197205 449.237614870071 0 0 0 0
"japan" 0 0 0 -127.263367176056 0 0 -2119.89092826843 -2840.32082557678 -4274.51705932617 -288.561910390854 0 0 0 0 0 0 0 0
"korea" 0 0 0 0 0 0 0 -756.139397621155 -307.584524154663 0 0 0 0 0 0 0 0 0
"india" 0 0 0 0 0 0 1425.58932304382 653.201103210449 494.877427816391 919.409215450287 283.16056728363 0 0 3675.62794685364 23942.8329467773 12787.4813079834 633.195638656616 0
"eastasia" 0 0 0 179.251924157143 -33.9811965823174 0 0 111.495293676853 9630.78308105469 303.446143865585 0 0 332.070052623749 0 0 0 0 0
"seasia" 0 0 0 0 0 0 1169.97528076172 480.184644460678 3.48000507801771 0 0 0 12902.2922515869 10598.9809036255 8866.40357971191 0 0 0
"southasia" 0 0 0 0 0 0 0 79.9950212240219 795.648634433746 0.784589210525155 -0.271996716037393 0 394.688308238983 2757.12442398071 1323.58145713806 0 0 0
"us" 0 0 0 -0.592409924138337 -176.928699016571 -6.82331901043653 -22628.19480896 -24292.4556732178 -37501.1138916016 -4457.58724212646 -4092.61894226074 -102.049000561237 0 0 0 0 0 0
"canada" 0 0 -557.293891906738 -21670.6924438477 -6640.67316055298 0 0 -217.947840690613 -42680.5000305176 -70470.0317382812 -13297.2545623779 0 0 0 0 0 0 0
"mexico" 0 0 0 0 0 0 -119.324207305908 -457.21110701561 -2783.34283828735 845.303773880005 506.036043167114 360.707521438599 -2346.70424461365 -4000.61082839966 -2294.5544719696 -10.0071281194687 139.576435089111 0
"latinamer" 0 115.106664597988 850.364804267883 1064.40091133118 2326.51138305664 137.120679020882 4844.83623504639 3674.2696762085 3279.65998649597 2124.915599823 1219.62404251099 449.402779340744 36647.7355957031 19406.8450927734 8455.28888702393 440.52392244339 303.038120269775 0
"eu27" 0 0 -19.7679251432419 -30042.70362854 -557.900309562683 0 -11808.4831237793 -69111.9079589844 -267602.905273438 -31536.7870330811 0 0 0 0 0 0 0 0
"uk" 0 0 -84.2723622918129 -11.8590854108334 0 0 -113.62724006176 -1927.76966094971 -3441.40672683716 0 0 0 0 0 0 0 0 0
"russia" 0 0 0 23350.4314422607 7182.84559249878 474.122405052185 0 86.4210799336433 6204.11014556885 18963.8137817383 2784.47675704956 0 0 0 0 0 0 0
"efta" 0 0 -78.2174170017242 -970.083117485046 115.343898534775 0 0 0 -621.871113777161 0 0 0 0 0 0 0 0 0
"mena" 0 0 0 4.09187935292721 29.3328464031219 0 0 374.008059501648 10718.3675765991 17480.5335998535 4285.8829498291 11.9929220527411 0 0 0 0 0 0
"ssa" 0 0 0 0 0 0 0 12336.7776870728 7730.67283630371 1279.96516227722 56.0437813401222 0 45884.7045898438 68810.4248046875 60384.1133117676 9122.45655059814 374.731719493866 0
"restofworld" 0 0 6.16060011088848 404.758989810944 1403.14316749573 73.6062005162239 535.230398178101 2656.83555603027 49626.2741088867 13487.8301620483 36.9371026754379 0 0 0 0 0 0 0
