"angdrc" 0 0 0 0 0 0 0 0 92.5803408026695 79.0930017828941 0 0 150.261878967285 619.916915893555 738.308787345886 153.76777946949 0 0
"argentina" 0 0 0 40.6107902526855 62.4492093920708 48.2720620930195 -513.803124427795 0 -1734.70258712769 -506.34241104126 417.025864124298 53.9287813007832 0 0 0 0 0 0
"bolivia" 0 0 0 0 0 0 -1.93025451153517 9.61688533425331 7.52159953117371 15.418142080307 0 0 6.25105202198029 -450.262427330017 -152.99391746521 20.395040512085 0 0
"brasil" 0 0 0 0 0 0 -31988.8706207275 0 0 0 0 0 -240579.208374023 -66052.116394043 -16367.6452636719 0 0 0
"colombia" 0 0 0 0 0 0 -393.33438873291 -10.1566445082426 0 0 0 0 -1981.61780834198 -148.499935865402 -10.3157768025994 0 0 0
"ghana" 0 0 0 0 0 0 0 0 0 0 0 0 1180.25755882263 1247.56133556366 15.8117599785328 0 0 0
"ivorycoast" 0 0 0 0 0 0 0 0 0 0 0 0 64020.6756591797 9180.91583251953 -830.929517745972 0 0 0
"indonesia" 0 0 0 0 0 0 0 0 0 0 0 0 -687.988102436066 13.0990510806441 59.6737414598465 0 0 0
"madagascar" 0 0 0 0 0 0 0 0 0 0 0 0 22153.2611846924 1436.99145317078 785.495102405548 0 0 0
"malasya" 0 0 0 0 0 0 0 0 0 0 0 0 -521.99923992157 0 0 0 0 0
"mozambique" 0 0 0 0 0 0 0 0 0 0 0 0 0 1485.19587516785 3301.25999450684 935.522079467773 0 0
"myanmar" 0 0 0 0 0 0 107.149243354797 875.706911087036 0 0 0 0 0 2404.94632720947 1008.86797904968 0 0 0
"nigeria" 0 0 0 0 0 0 0 0 0 0 0 0 3299.38745498657 21714.4222259521 1282.56070613861 0 0 0
"paraguay" 0 0 0 0 0 0 -5556.00547790527 0 0 0 0 0 -6709.79738235474 0 0 0 0 0
"peru" 0 0 0 0 0 0 2453.66954803467 3225.60691833496 1481.50086402893 1712.52119541168 4158.04958343506 232.725411653519 6735.90278625488 788.227438926697 628.318905830383 549.853801727295 295.216083526611 180.883347988129
"uruguay" 0 0 0 0 0 0 0 0 0 0 0 0 0 0 0 0 0 0
"venezuela" 0 0 0 0 0 0 0 0 0 0 0 0 -1964.28954601288 -2423.17581176758 -469.730883836746 0 -29.7473408281803 0
"newzealand" 0 0 -24.4175419211388 0 0 0 -3284.82151031494 -1314.03064727783 0 0 0 0 0 0 0 0 0 0
"oceania" 0 0 0 0 0 0 -1276.72672271729 -2165.43817520142 -1556.58745765686 -146.270841360092 0 0 -16.4508372545242 -776.180803775787 -107.170067727566 0 0 0
"china" 0 0 0 2291.85914993286 0 34.3946404755116 15286.7221832275 11891.3822174072 8758.71467590332 7188.2004737854 28.9837587624788 9.97821521013975 297.498881816864 645.601332187653 0 0 0 0
"japan" 0 0 0 -146.581932902336 0 0 -2443.31789016724 -3273.83017539978 -4932.43217468262 -332.429766654968 0 0 0 0 0 0 0 0
"korea" 0 0 0 0 0 0 0 -862.447321414948 -341.980695724487 0 0 0 0 0 0 0 0 0
"india" 0 0 0 0 0 0 842.276215553284 380.523979663849 221.398055553436 549.989938735962 133.120596408844 0 0 2417.41561889648 14809.2260360718 7322.24607467651 226.679608225822 0
"eastasia" 0 0 0 542.899250984192 58.4288984537125 0 0 86.0099345445633 6737.29991912842 489.789754152298 0 0 304.871022701263 0 0 0 0 0
"seasia" 0 0 0 0 0 0 1097.73397445679 404.685854911804 2.99266073852777 0 0 0 10949.9912261963 10254.4250488281 7676.98335647583 0 0 0
"southasia" 0 0 0 0 0 0 0 44.9898652732372 502.198755741119 0.562281406018883 0.12240452633705 0 309.074014425278 1687.10935115814 776.745319366455 0 0 0
"us" 0 0 0 2.75995396077633 709.542036056519 83.3083689212799 -36438.8771057129 -41798.900604248 -83245.4833984375 -5926.67484283447 -1736.7787361145 857.01858997345 0 0 0 0 0 0
"canada" 0 0 -1180.10091781616 -46269.4473266602 -14149.8546600342 0 0 -395.460665225983 -84056.266784668 -149943.115234375 -27645.299911499 0 0 0 0 0 0 0
"mexico" 0 0 0 0 0 0 -142.926394939423 -550.921618938446 -3480.15332221985 1363.80016803741 740.272760391235 502.139508724213 -2811.67912483215 -4990.75126647949 -2809.82351303101 338.853359222412 200.942605733871 0
"latinamer" 0 82.1569710969925 611.001908779144 758.614897727966 1651.55339241028 97.1747413277626 3622.4524974823 2822.17526435852 2407.98330307007 1558.56966972351 873.212456703186 318.965524435043 28283.1993103027 15048.4256744385 6573.61221313477 338.627308607101 234.892293810844 0
"eu27" 0 0 -24.3889652192593 -36532.7377319336 -692.320823669434 0 -14260.1490020752 -83691.9708251953 -325520.050048828 -38605.6709289551 0 0 0 0 0 0 0 0
"uk" 0 0 11.654319241643 -4.95163118466735 0 0 -115.428514778614 -2092.88287162781 -3760.47968864441 0 0 0 0 0 0 0 0 0
"russia" 0 0 0 13520.0424194336 4426.66292190552 289.567679166794 0 52.6414476335049 3958.76145362854 11877.9220581055 1695.12748718262 0 0 0 0 0 0 0
"efta" 0 0 -84.1868966817856 -1065.1159286499 215.493619441986 0 0 0 -520.00617980957 0 0 0 0 0 0 0 0 0
"mena" 0 0 0 3.02302977070212 19.7846833616495 0 0 198.100477457047 5094.06805038452 9999.67384338379 3449.67842102051 12.9390880465508 0 0 0 0 0 0
"ssa" 0 0 0 0 0 0 0 9644.51599121094 6386.68918609619 1218.89245510101 56.4088337123394 0 39412.4794006348 56339.5538330078 49750.3509521484 8521.53015136719 358.850300312042 0
"restofworld" 0 0 5.3234021179378 397.839307785034 1360.09252071381 73.4661370515823 465.494245290756 2360.66460609436 40368.4692382812 11894.6771621704 35.8518846333027 0 0 0 0 0 0 0
