"angdrc" 0 0 0 0 0 0 0 0 74.6818333864212 58.6334615945816 0 0 285.76672077179 761.596083641052 568.707525730133 105.654895305634 0 0
"argentina" 0 0 0 -1633.51488113403 -2503.01265716553 -1916.49293899536 -37126.1291503906 0 -30757.007598877 -32230.8044433594 -22132.2898864746 -2311.92851066589 0 0 0 0 0 0
"bolivia" 0 0 0 0 0 0 -1457.12065696716 -3520.58076858521 -9004.74548339844 -19446.5637207031 0 0 -29146.6751098633 -140730.865478516 -97037.4755859375 -40903.736114502 0 0
"brasil" 0 0 0 0 0 0 -7086.5330696106 0 0 0 0 0 -39731.819152832 -20088.8671875 -3393.5878276825 0 0 0
"colombia" 0 0 0 0 0 0 -10601.7332077026 -318.511247634888 0 0 0 0 -96543.0679321289 -4272.07231521606 -257.609069347382 0 0 0
"ghana" 0 0 0 0 0 0 0 0 0 0 0 0 -21842.2431945801 -26743.5684204102 -426.073372364044 0 0 0
"ivorycoast" 0 0 0 0 0 0 0 0 0 0 0 0 -154369.445800781 -687728.698730469 -88387.3519897461 0 0 0
"indonesia" 0 0 0 0 0 0 0 0 0 0 0 0 -959.393501281738 19.4417200982571 68.0490210652351 0 0 0
"madagascar" 0 0 0 0 0 0 0 0 0 0 0 0 19833.5113525391 1290.02404212952 705.637812614441 0 0 0
"malasya" 0 0 0 0 0 0 0 0 0 0 0 0 -343.182444572449 0 0 0 0 0
"mozambique" 0 0 0 0 0 0 0 0 0 0 0 0 0 1463.01960945129 3287.0192527771 943.005800247192 0 0
"myanmar" 0 0 0 0 0 0 22.6420294493437 219.829693436623 0 0 0 0 0 560.532569885254 267.633587121964 0 0 0
"nigeria" 0 0 0 0 0 0 0 0 0 0 0 0 -3897.42946624756 -24124.4926452637 -1566.82467460632 0 0 0
"paraguay" 0 0 0 0 0 0 -493.139892816544 0 0 0 0 0 -1070.96672058105 0 0 0 0 0
"peru" 0 0 0 0 0 0 2126.70230865479 2806.31709098816 1285.94362735748 1486.71162128448 3614.12143707275 201.420485973358 6137.53032684326 704.317212104797 548.313140869141 480.372250080109 256.642192602158 156.837493181229
"uruguay" 0 0 0 0 0 0 0 0 0 0 0 0 0 0 0 0 0 0
"venezuela" 0 0 0 0 0 0 0 0 0 0 0 0 -324.171125888824 -402.260720729828 -78.0236572027206 0 -4.98485751450062 0
"newzealand" 0 0 -23.3516003936529 0 0 0 -3320.42169570923 -1319.82660293579 0 0 0 0 0 0 0 0 0 0
"oceania" 0 0 0 0 0 0 -1317.20519065857 -2192.64960289001 -1566.10441207886 -147.550046443939 0 0 -17.898827791214 -833.718001842499 -107.661351561546 0 0 0
"china" 0 0 0 2316.78009033203 0 32.5450003147125 14512.4053955078 11514.1296386719 8566.60079956055 6879.75788116455 27.8563871979713 9.45420190691948 274.847209453583 608.58678817749 0 0 0 0
"japan" 0 0 0 -153.12547981739 0 0 -2554.3372631073 -3423.42567443848 -5156.5899848938 -347.415149211884 0 0 0 0 0 0 0 0
"korea" 0 0 0 0 0 0 0 -884.107172489166 -354.265600442886 0 0 0 0 0 0 0 0 0
"india" 0 0 0 0 0 0 498.536348342896 234.711974859238 128.153875470161 246.372640132904 75.4880905151367 0 0 1390.91551303864 8069.4751739502 3981.78434371948 124.601811170578 0
"eastasia" 0 0 0 492.845475673676 49.832709133625 0 0 75.3432139754295 6113.26885223389 430.248767137527 0 0 274.597555398941 0 0 0 0 0
"seasia" 0 0 0 0 0 0 869.754791259766 334.229707717896 2.58897244930267 0 0 0 9207.9029083252 8371.03462219238 6621.00601196289 0 0 0
"southasia" 0 0 0 0 0 0 0 20.7152664661407 285.582929849625 0.333731586579233 0.230476056458429 0 210.404545068741 1047.11580276489 437.789589166641 0 0 0
"us" 0 0 0 2.00127414427698 511.413037776947 65.0086998939514 -33735.5194091797 -36169.9752807617 -65458.1451416016 -6112.07866668701 -2486.33670806885 657.925307750702 0 0 0 0 0 0
"canada" 0 0 -1039.83128070831 -40721.9924926758 -12672.755241394 0 0 -466.50904417038 -77986.4654541016 -134318.817138672 -25401.252746582 0 0 0 0 0 0 0
"mexico" 0 0 0 0 0 0 185.060948133469 705.918252468109 4276.02052688599 1266.97182655334 72.8671252727509 -137.250170111656 3199.24759864807 5637.98809051514 4386.45076751709 2644.52576637268 1.60985486581922 0
"latinamer" 0 60.6586337089539 454.512625932693 560.199975967407 1214.4820690155 71.2194889783859 2852.45490074158 2301.83959007263 1850.13794898987 1187.05296516418 647.496700286865 234.188735485077 23905.7064056396 12502.8419494629 5589.68544006348 276.283532381058 208.318784832954 0
"eu27" 0 0 -26.6957171261311 -36984.7526550293 -836.157023906708 0 -15462.3117446899 -88478.7063598633 -340554.565429688 -41730.842590332 0 0 0 0 0 0 0 0
"uk" 0 0 -51.0336309671402 -10.3670451790094 0 0 -131.936073303223 -2303.24792861938 -4124.66239929199 0 0 0 0 0 0 0 0 0
"russia" 0 0 0 19912.8608703613 6435.36758422852 425.627470016479 0 76.6822099685669 5667.3903465271 17179.7943115234 2497.2231388092 0 0 0 0 0 0 0
"efta" 0 0 -90.2138650417328 -1123.59738349915 201.153963804245 0 0 0 -587.130010128021 0 0 0 0 0 0 0 0 0
"mena" 0 0 0 3.05429031141102 19.8302827775478 0 0 203.239366412163 5142.04549789429 9855.5736541748 3514.39380645752 13.492414727807 0 0 0 0 0 0
"ssa" 0 0 0 0 0 0 0 8536.17095947266 5709.61475372314 1088.71185779572 50.5021587014198 0 35416.2139892578 49919.6853637695 44520.6909179688 7604.32624816895 321.011960506439 0
"restofworld" 0 0 5.76744135469198 423.853427171707 1450.66237449646 78.1739354133606 497.454255819321 2532.09400177002 43446.6857910156 12830.1706314087 38.2798723876476 0 0 0 0 0 0 0
