"angdrc" 0 0 0 0 0 0 0 0 -1620.3248500824 -1505.68842887878 0 0 -494.373857975006 -7318.93062591553 -12860.6691360474 -2931.01286888123 0 0
"argentina" 0 0 0 -2509.10043716431 -3837.59498596191 -2938.39454650879 -49389.8696899414 0 -40647.6287841797 -45855.1483154297 -33736.2594604492 -3544.17943954468 0 0 0 0 0 0
"bolivia" 0 0 0 0 0 0 -201.643869280815 -464.617013931274 -1193.53127479553 -2622.7822303772 0 0 -3896.28624916077 -19452.3525238037 -12364.9024963379 -5131.67238235474 0 0
"brasil" 0 0 0 0 0 0 28640.754699707 0 0 0 0 0 125841.087341309 -36161.6592407227 -1502.37190723419 0 0 0
"colombia" 0 0 0 0 0 0 -834.264039993286 -22.3813373595476 0 0 0 0 -5190.84358215332 -319.989502429962 -21.3701538741589 0 0 0
"ghana" 0 0 0 0 0 0 0 0 0 0 0 0 -20406.3720703125 -25395.4467773438 -409.455478191376 0 0 0
"ivorycoast" 0 0 0 0 0 0 0 0 0 0 0 0 -153508.026123047 -691900.87890625 -88839.0579223633 0 0 0
"indonesia" 0 0 0 0 0 0 0 0 0 0 0 0 1903.09691429138 -67.8258016705513 -243.587255477905 0 0 0
"madagascar" 0 0 0 0 0 0 0 0 0 0 0 0 24160.7761383057 1517.38667488098 824.583888053894 0 0 0
"malasya" 0 0 0 0 0 0 0 0 0 0 0 0 5187.5114440918 0 0 0 0 0
"mozambique" 0 0 0 0 0 0 0 0 0 0 0 0 0 2057.47103691101 4432.37543106079 1282.33337402344 0 0
"myanmar" 0 0 0 0 0 0 -19.7113770991564 -76.7088085412979 0 0 0 0 0 -291.577816009521 -36.3635569810867 0 0 0
"nigeria" 0 0 0 0 0 0 0 0 0 0 0 0 324.693918228149 -539.192199707031 268.836081027985 0 0 0
"paraguay" 0 0 0 0 0 0 -12322.564125061 0 0 0 0 0 -69492.8970336914 0 0 0 0 0
"peru" 0 0 0 0 0 0 2317.88945198059 3082.79943466187 1403.71096134186 1625.53453445435 3977.13232040405 219.299554824829 7499.24039840698 784.224987030029 596.240222454071 523.419737815857 281.306117773056 171.541422605515
"uruguay" 0 0 0 0 0 0 0 0 0 0 0 0 0 0 0 0 0 0
"venezuela" 0 0 0 0 0 0 0 0 0 0 0 0 -1484.49504375458 -1862.82420158386 -354.975670576096 0 -23.9736512303352 0
"newzealand" 0 0 -46.3017374277115 0 0 0 -4899.26433563232 -2023.34952354431 0 0 0 0 0 0 0 0 0 0
"oceania" 0 0 0 0 0 0 -602.115035057068 -1001.47211551666 -567.680597305298 -59.602752327919 0 0 -7.85379111766815 -354.975759983063 -52.4050295352936 0 0 0
"china" 0 0 0 -300.185918807983 0 -23.7886719405651 -1530.43174743652 4594.06280517578 3008.11791419983 -2362.62559890747 -18.1031376123428 -7.10933748632669 64.2815753817558 -130.645990371704 0 0 0 0
"japan" 0 0 0 -121.498584747314 0 0 -2014.79434967041 -2717.87118911743 -4085.97660064697 -275.68107843399 0 0 0 0 0 0 0 0
"korea" 0 0 0 0 0 0 0 -806.22124671936 -325.474709272385 0 0 0 0 0 0 0 0 0
"india" 0 0 0 0 0 0 1153.09727191925 507.456541061401 390.51878452301 684.036612510681 316.832691431046 0 0 3630.15174865723 20204.8053741455 13696.1736679077 852.215528488159 0
"eastasia" 0 0 0 -775.728404521942 -227.593541145325 0 0 112.268045544624 9652.51064300537 -407.861292362213 0 0 251.751869916916 0 0 0 0 0
"seasia" 0 0 0 0 0 0 642.571270465851 281.009167432785 2.63079581782222 0 0 0 9390.47145843506 5642.34447479248 6404.5844078064 0 0 0
"southasia" 0 0 0 0 0 0 0 74.2409750819206 597.917973995209 0.381901336368173 -1.04637059848756 0 520.33793926239 2400.8150100708 1143.70822906494 0 0 0
"us" 0 0 0 -10.255110450089 -2900.28500556946 -261.697947978973 -13203.3882141113 -6093.42193603516 36752.9716491699 -5795.62091827393 -20155.445098877 -2941.29228591919 0 0 0 0 0 0
"canada" 0 0 333.174347877502 13252.311706543 3494.62270736694 0 0 -62.1514767408371 23176.3610839844 41518.684387207 2780.4536819458 0 0 0 0 0 0 0
"mexico" 0 0 0 0 0 0 -111.532732844353 -433.333814144135 -2463.27590942383 -470.588624477386 22.4391222000122 121.40978872776 -1948.33314418793 -2894.89507675171 -1509.97245311737 -1134.58347320557 16.8239623308182 0
"latinamer" 0 -38.2349751889706 -241.234183311462 -348.125159740448 -820.888042449951 -51.6662076115608 605.628132820129 1269.75417137146 -247.752904891968 -279.505133628845 -367.966651916504 -163.951724767685 22838.3255004883 9068.04466247559 5226.83048248291 161.626517772675 315.95653295517 0
"eu27" 0 0 -18.9141668379307 -23378.5972595215 -731.780350208282 0 -11748.4340667725 -57424.6215820312 -214649.337768555 -27732.2597503662 0 0 0 0 0 0 0 0
"uk" 0 0 -305.230379104614 -28.6475829780102 0 0 -128.979325294495 -1850.7182598114 -3273.69022369385 0 0 0 0 0 0 0 0 0
"russia" 0 0 0 14570.7054138184 -401.623725891113 -171.662122011185 0 24.7344896197319 -1508.22877883911 -1996.02508544922 164.144039154053 0 0 0 0 0 0 0
"efta" 0 0 -87.4074995517731 -1002.31051445007 -57.8223168849945 0 0 0 -934.791386127472 0 0 0 0 0 0 0 0 0
"mena" 0 0 0 4.01978986337781 34.8195098340511 0 0 536.498486995697 19196.4588165283 24814.8307800293 2843.63508224487 -1.85624323785305 0 0 0 0 0 0
"ssa" 0 0 0 0 0 0 0 13828.5131454468 8340.75164794922 1143.86093616486 46.2227910757065 0 47500.4768371582 74249.4812011719 65598.1903076172 8306.16188049316 334.657490253448 0
"restofworld" 0 0 7.03795161098242 372.416734695435 1363.69264125824 64.1903504729271 643.06640625 3188.40599060059 67952.9037475586 16780.8265686035 35.6622338294983 0 0 0 0 0 0 0
