"angdrc" 0 0 0 0 0 0 0 0 -263.562917709351 -224.250912666321 0 0 -669.619143009186 -2138.45777511597 -1986.15050315857 -403.857171535492 0 0
"argentina" 0 0 0 57.8493997454643 88.9509245753288 68.8429474830627 -937.978684902191 0 -2642.87614822388 -785.111606121063 579.173624515533 76.0045871138573 0 0 0 0 0 0
"bolivia" 0 0 0 0 0 0 -22.3809145390987 -46.696849167347 -129.278749227524 -273.134171962738 0 0 -418.674439191818 -2338.56105804443 -1578.10842990875 -598.375916481018 0 0
"brasil" 0 0 0 0 0 0 -39734.6496582031 0 0 0 0 0 -292698.364257812 -72791.633605957 -18418.5409545898 0 0 0
"colombia" 0 0 0 0 0 0 -249.087259173393 -6.82709738612175 0 0 0 0 -1684.68081951141 -96.5560600161552 -6.25433074310422 0 0 0
"ghana" 0 0 0 0 0 0 0 0 0 0 0 0 -5775.8150100708 -5749.29523468018 -66.5784925222397 0 0 0
"ivorycoast" 0 0 0 0 0 0 0 0 0 0 0 0 54767.4903869629 6692.74997711182 -865.437746047974 0 0 0
"indonesia" 0 0 0 0 0 0 0 0 0 0 0 0 -5446.21086120605 -53.0878566205502 55.1187805831432 0 0 0
"madagascar" 0 0 0 0 0 0 0 0 0 0 0 0 10092.6170349121 658.986866474152 361.085563898087 0 0 0
"malasya" 0 0 0 0 0 0 0 0 0 0 0 0 -2097.94020652771 0 0 0 0 0
"mozambique" 0 0 0 0 0 0 0 0 0 0 0 0 0 1002.98631191254 2349.16400909424 662.002146244049 0 0
"myanmar" 0 0 0 0 0 0 73.4680816531181 588.763952255249 0 0 0 0 0 1630.91731071472 676.078915596008 0 0 0
"nigeria" 0 0 0 0 0 0 0 0 0 0 0 0 1486.74321174622 9894.1478729248 560.025215148926 0 0 0
"paraguay" 0 0 0 0 0 0 -3676.44309997559 0 0 0 0 0 -5830.37900924683 0 0 0 0 0
"peru" 0 0 0 0 0 0 -43672.9202270508 -55256.5307617188 -25970.2129364014 -29720.2205657959 -70924.1027832031 -4168.27869415283 -35836.2464904785 -10199.3474960327 -11471.4870452881 -9445.96481323242 -5210.41488647461 -3165.71378707886
"uruguay" 0 0 0 0 0 0 0 0 0 0 0 0 0 0 0 0 0 0
"venezuela" 0 0 0 0 0 0 0 0 0 0 0 0 -1800.88472366333 -2211.53831481934 -430.10288476944 0 -26.8919859081507 0
"newzealand" 0 0 -32.8194051980972 0 0 0 -4620.1810836792 -1839.3030166626 0 0 0 0 0 0 0 0 0 0
"oceania" 0 0 0 0 0 0 -1848.04499149323 -3094.75708007812 -2210.07776260376 -206.499218940735 0 0 -24.322435259819 -1144.46973800659 -153.50741147995 0 0 0
"china" 0 0 0 1997.83408641815 0 36.5906432271004 13176.3563156128 8244.15493011475 6176.29337310791 6733.82663726807 30.1841702312231 10.6849046424031 223.567679524422 579.308688640594 0 0 0 0
"japan" 0 0 0 -183.245271444321 0 0 -3055.47952651978 -4095.64828872681 -6185.69469451904 -415.886759757996 0 0 0 0 0 0 0 0
"korea" 0 0 0 0 0 0 0 -1024.08695220947 -407.733380794525 0 0 0 0 0 0 0 0 0
"india" 0 0 0 0 0 0 181.228652596474 81.0243338346481 -11.7967780679464 121.794521808624 -6.96062529459596 0 0 641.669273376465 3611.12642288208 927.064597606659 -115.458585321903 0
"eastasia" 0 0 0 170.49303650856 19.9547205120325 0 0 24.148978292942 1495.99754810333 106.711253523827 0 0 113.653987646103 0 0 0 0 0
"seasia" 0 0 0 0 0 0 706.555247306824 252.07930803299 1.73451378941536 0 0 0 6330.93452453613 6731.38904571533 4497.34401702881 0 0 0
"southasia" 0 0 0 0 0 0 0 -6.21775444597006 -7.60709820315242 -0.0581915119255427 0.198154768440872 0 64.7445321083069 124.081306159496 24.916997179389 0 0 0
"us" 0 0 0 1.73493567854166 404.746115207672 61.6772770881653 -54975.7347106934 -62092.113494873 -120281.73828125 -9536.80801391602 -6396.63314819336 567.579746246338 0 0 0 0 0 0
"canada" 0 0 -1742.84183979034 -68686.6149902344 -21057.3444366455 0 0 -607.391238212585 -121879.592895508 -218214.294433594 -40880.6343078613 0 0 0 0 0 0 0
"mexico" 0 0 0 0 0 0 -199.610814452171 -780.136287212372 -4876.39665603638 1202.93366909027 809.499740600586 590.092062950134 -3879.12917137146 -7069.57244873047 -4292.65594482422 -181.122913956642 223.973363637924 0
"latinamer" 0 30.4157752543688 229.571297764778 280.101895332336 604.39133644104 35.4100689291954 1468.16301345825 1192.6851272583 944.382607936859 608.993887901306 325.276106595993 116.596594452858 12286.078453064 6504.77457046509 2857.40232467651 145.707160234451 108.864665031433 0
"eu27" 0 0 -5.1756240427494 -11041.0556793213 -59.5243535935879 0 -3366.37020111084 -21295.4139709473 -85718.0938720703 -8690.42778015137 0 0 0 0 0 0 0 0
"uk" 0 0 -966.244697570801 -92.2425538301468 0 0 -422.922730445862 -6222.76210784912 -10944.7546005249 0 0 0 0 0 0 0 0 0
"russia" 0 0 0 4425.51136016846 1655.36522865295 121.100351214409 0 18.6474602669477 1499.49765205383 4424.99971389771 610.055446624756 0 0 0 0 0 0 0
"efta" 0 0 -420.869052410126 -4621.05083465576 -512.178063392639 0 0 0 -4528.00703048706 0 0 0 0 0 0 0 0 0
"mena" 0 0 0 0.497249595355242 2.14525801129639 0 0 -12.9001680761576 -881.150126457214 106.677263975143 749.367475509644 4.40805125981569 0 0 0 0 0 0
"ssa" 0 0 0 0 0 0 0 3323.88401031494 2341.64547920227 532.586812973022 25.9797926992178 0 15337.1295928955 20419.1703796387 17866.081237793 3620.40185928345 157.175660133362 0
"restofworld" 0 0 1.79734395351261 143.008694052696 482.172131538391 26.6250893473625 155.298471450806 793.669462203979 12725.6574630737 3923.90108108521 12.7324005588889 0 0 0 0 0 0 0
