"angdrc" 0 0 0 0 0 0 0 0 335.179001092911 304.737657308578 0 0 303.458333015442 1826.96175575256 2624.07445907593 582.79275894165 0 0
"argentina" 0 0 0 -1994.10796165466 -3053.33232879639 -2337.83292770386 -41721.7063903809 0 -36394.9966430664 -38772.9949951172 -26967.1993255615 -2821.9587802887 0 0 0 0 0 0
"bolivia" 0 0 0 0 0 0 -142.021909356117 -332.162439823151 -862.836182117462 -1876.94323062897 0 0 -2768.49842071533 -13978.2133102417 -9522.41134643555 -3913.67053985596 0 0
"brasil" 0 0 0 0 0 0 -3886.80648803711 0 0 0 0 0 -26730.354309082 -25110.3057861328 -3530.50374984741 0 0 0
"colombia" 0 0 0 0 0 0 -10614.2320632935 -318.850219249725 0 0 0 0 -96592.529296875 -4276.96371078491 -257.982432842255 0 0 0
"ghana" 0 0 0 0 0 0 0 0 0 0 0 0 -21769.2546844482 -26423.210144043 -418.245643377304 0 0 0
"ivorycoast" 0 0 0 0 0 0 0 0 0 0 0 0 -154063.812255859 -684560.485839844 -88011.6653442383 0 0 0
"indonesia" 0 0 0 0 0 0 0 0 0 0 0 0 -3800.08506774902 -17.5445694476366 0.120002776384354 0 0 0
"madagascar" 0 0 0 0 0 0 0 0 0 0 0 0 20024.3263244629 1302.38854885101 712.420582771301 0 0 0
"malasya" 0 0 0 0 0 0 0 0 0 0 0 0 -2231.00566864014 0 0 0 0 0
"mozambique" 0 0 0 0 0 0 0 0 0 0 0 0 0 1697.83771038055 3865.39602279663 1106.13369941711 0 0
"myanmar" 0 0 0 0 0 0 23.7804315984249 224.811658263206 0 0 0 0 0 571.437478065491 300.287485122681 0 0 0
"nigeria" 0 0 0 0 0 0 0 0 0 0 0 0 2604.73608970642 17918.9605712891 997.407793998718 0 0 0
"paraguay" 0 0 0 0 0 0 -12586.051940918 0 0 0 0 0 -71144.8822021484 0 0 0 0 0
"peru" 0 0 0 0 0 0 2187.81423568726 2891.30854606628 1323.54998588562 1530.69996833801 3724.87139701843 207.171782851219 6440.56510925293 729.056000709534 564.335465431213 494.613736867905 264.365553855896 161.437690258026
"uruguay" 0 0 0 0 0 0 0 0 0 0 0 0 0 0 0 0 0 0
"venezuela" 0 0 0 0 0 0 0 0 0 0 0 0 -798.755168914795 -989.762961864471 -192.265570163727 0 -12.58859410882 0
"newzealand" 0 0 -23.8680820912123 0 0 0 -3305.69076538086 -1317.9030418396 0 0 0 0 0 0 0 0 0 0
"oceania" 0 0 0 0 0 0 -1248.94523620605 -2051.20062828064 -1479.0894985199 -138.330698013306 0 0 -17.6321379840374 -814.165055751801 -100.891456007957 0 0 0
"china" 0 0 0 2450.43516159058 0 34.7171500325203 15488.242149353 12238.1286621094 9099.01905059814 7330.46436309814 29.6537578105927 10.0941248238087 293.846845626831 651.045203208923 0 0 0 0
"japan" 0 0 0 -146.489173173904 0 0 -2441.32208824158 -3268.99003982544 -4927.12783813477 -332.194924354553 0 0 0 0 0 0 0 0
"korea" 0 0 0 0 0 0 0 -835.497617721558 -336.935758590698 0 0 0 0 0 0 0 0 0
"india" 0 0 0 0 0 0 715.459883213043 343.128144741058 218.483835458755 387.403070926666 104.483835399151 0 0 1720.40903568268 11401.0734558105 4979.98285293579 150.333911180496 0
"eastasia" 0 0 0 413.766086101532 31.6679626703262 0 0 78.394815325737 6566.85638427734 391.026854515076 0 0 276.60921216011 0 0 0 0 0
"seasia" 0 0 0 0 0 0 976.057946681976 393.145561218262 2.86674359813333 0 0 0 10185.3122711182 9286.41319274902 7363.8072013855 0 0 0
"southasia" 0 0 0 0 0 0 0 17.6386348903179 264.09524679184 0.147680548252538 0.0660856967442669 0 141.261726617813 1203.56392860413 534.251153469086 0 0 0
"us" 0 0 0 1.7749909311533 460.00462770462 58.0142959952354 -32895.7672119141 -35277.4391174316 -65641.5023803711 -5674.96967315674 -2243.84045600891 577.243566513062 0 0 0 0 0 0
"canada" 0 0 -1049.34096336365 -41150.9170532227 -12671.9055175781 0 0 -426.603227853775 -76596.321105957 -133840.805053711 -25307.0487976074 0 0 0 0 0 0 0
"mexico" 0 0 0 0 0 0 -146.054416894913 -557.15799331665 -3555.01103401184 1067.48723983765 642.919778823853 459.829807281494 -2837.96739578247 -4979.67290878296 -2953.59086990356 7.99998641014099 176.311820745468 0
"latinamer" 0 81.211231648922 602.830111980438 750.241994857788 1635.09202003479 96.2351188063622 3539.16215896606 2756.81591033936 2373.14248085022 1529.83379364014 862.136721611023 315.702587366104 28356.4910888672 14889.0886306763 6556.25677108765 334.524184465408 249.277174472809 0
"eu27" 0 0 -27.060380205512 -37293.1213378906 -854.69388961792 0 -15724.3576049805 -90146.9879150391 -345925.384521484 -42486.0000610352 0 0 0 0 0 0 0 0
"uk" 0 0 -73.3379945158958 -12.165380641818 0 0 -135.42452454567 -2338.92345428467 -4179.55636978149 0 0 0 0 0 0 0 0 0
"russia" 0 0 0 20213.9205932617 6877.89487838745 462.132453918457 0 78.9480730891228 6146.05140686035 18394.7448730469 2635.75911521912 0 0 0 0 0 0 0
"efta" 0 0 -88.5206311941147 -1109.38048362732 194.310232996941 0 0 0 -593.371152877808 0 0 0 0 0 0 0 0 0
"mena" 0 0 0 3.05391708388925 19.6956433355808 0 0 212.20064163208 4896.90399169922 9831.96449279785 3563.04597854614 13.6975022032857 0 0 0 0 0 0
"ssa" 0 0 0 0 0 0 0 8302.98042297363 5446.25949859619 1021.20566368103 47.0209531486034 0 34013.5688781738 48092.1173095703 42261.0626220703 7127.00748443604 300.7453083992 0
"restofworld" 0 0 5.75611414387822 417.553663253784 1423.65872859955 77.1139338612556 488.772302865982 2472.25379943848 42287.8074645996 12451.1032104492 37.58405148983 0 0 0 0 0 0 0
