"angdrc" 0 0 0 0 0 0 0 0 161.112368106842 138.743162155151 0 0 309.439897537231 1142.59839057922 1237.15484142303 257.066071033478 0 0
"argentina" 0 0 0 -2048.38037490845 -3136.05499267578 -2401.20315551758 -42427.4864196777 0 -36784.6908569336 -39507.511138916 -27677.6313781738 -2898.14519882202 0 0 0 0 0 0
"bolivia" 0 0 0 0 0 0 -148.532196879387 -346.028357744217 -898.784816265106 -1961.21537685394 0 0 -2890.80262184143 -14593.5478210449 -9859.43031311035 -4058.63952636719 0 0
"brasil" 0 0 0 0 0 0 -1100.7604598999 0 0 0 0 0 -12576.5180587769 -26754.301071167 -3426.73587799072 0 0 0
"colombia" 0 0 0 0 0 0 -10790.4720306396 -324.016958475113 0 0 0 0 -98103.7063598633 -4347.24521636963 -262.31575012207 0 0 0
"ghana" 0 0 0 0 0 0 0 0 0 0 0 0 -21625.1068115234 -26299.768447876 -416.960954666138 0 0 0
"ivorycoast" 0 0 0 0 0 0 0 0 0 0 0 0 -154116.607666016 -685971.740722656 -88183.6853027344 0 0 0
"indonesia" 0 0 0 0 0 0 0 0 0 0 0 0 -3232.21492767334 -23.151071742177 -23.1038630008698 0 0 0
"madagascar" 0 0 0 0 0 0 0 0 0 0 0 0 20639.2097473145 1336.43126487732 730.438351631165 0 0 0
"malasya" 0 0 0 0 0 0 0 0 0 0 0 0 -1504.29141521454 0 0 0 0 0
"mozambique" 0 0 0 0 0 0 0 0 0 0 0 0 0 1720.94798088074 3890.49458503723 1114.46952819824 0 0
"myanmar" 0 0 0 0 0 0 18.9445521682501 191.500306129456 0 0 0 0 0 475.616991519928 260.575741529465 0 0 0
"nigeria" 0 0 0 0 0 0 0 0 0 0 0 0 -3735.31436920166 -23341.5298461914 -1495.57363986969 0 0 0
"paraguay" 0 0 0 0 0 0 -12598.4306335449 0 0 0 0 0 -71362.0071411133 0 0 0 0 0
"peru" 0 0 0 0 0 0 2203.14240455627 2913.73634338379 1333.03427696228 1541.84246063232 3753.97777557373 208.591803908348 6557.83843994141 736.337184906006 568.370580673218 498.246431350708 266.339421272278 162.610918283463
"uruguay" 0 0 0 0 0 0 0 0 0 0 0 0 0 0 0 0 0 0
"venezuela" 0 0 0 0 0 0 0 0 0 0 0 0 -901.559710502625 -1119.34804916382 -216.80523455143 0 -14.2698660492897 0
"newzealand" 0 0 -25.940265506506 0 0 0 -3448.3745098114 -1381.47211074829 0 0 0 0 0 0 0 0 0 0
"oceania" 0 0 0 0 0 0 -1177.85143852234 -1939.58950042725 -1381.84881210327 -129.864662885666 0 0 -16.4817851036787 -761.370897293091 -95.7142561674118 0 0 0
"china" 0 0 0 2111.47594451904 0 27.7912430465221 13401.8812179565 11238.5988235474 8302.09159851074 6159.63840484619 23.9699799567461 8.05969070643187 264.962673187256 556.886970996857 0 0 0 0
"japan" 0 0 0 -143.489301204681 0 0 -2390.27285575867 -3203.25922966003 -4826.42650604248 -325.424283742905 0 0 0 0 0 0 0 0
"korea" 0 0 0 0 0 0 0 -832.217454910278 -335.802167654037 0 0 0 0 0 0 0 0 0
"india" 0 0 0 0 0 0 765.355467796326 361.432790756226 236.806482076645 421.739190816879 127.790033817291 0 0 1929.27598953247 12337.9640579224 5924.89337921143 224.41577911377 0
"eastasia" 0 0 0 289.442420005798 4.00611385703087 0 0 81.9206237792969 6953.17792892456 308.736801147461 0 0 273.411303758621 0 0 0 0 0
"seasia" 0 0 0 0 0 0 938.745260238647 379.354596138 2.84334598109126 0 0 0 10058.9227676392 8886.4107131958 7263.57507705688 0 0 0
"southasia" 0 0 0 0 0 0 0 24.5858486741781 309.683442115784 0.199771573534235 -0.0261498789768666 0 186.474904417992 1341.8984413147 602.87994146347 0 0 0
"us" 0 0 0 0.562834553420544 124.180883169174 25.834783911705 -30666.3589477539 -32057.3501586914 -55221.6377258301 -5673.46429824829 -3957.50594139099 223.495274782181 0 0 0 0 0 0
"canada" 0 0 -891.413509845734 -34936.1228942871 -10818.8934326172 0 0 -388.396978378296 -65635.6582641602 -113841.979980469 -21984.6229553223 0 0 0 0 0 0 0
"mexico" 0 0 0 0 0 0 -142.707630991936 -544.640302658081 -3457.95059204102 873.879253864288 569.303512573242 420.399099588394 -2740.4260635376 -4766.14570617676 -2831.29644393921 -148.866936564445 157.478675246239 0
"latinamer" 0 70.4566389322281 527.034163475037 651.802539825439 1414.79396820068 82.9072520136833 3287.9650592804 2639.69945907593 2142.36998558044 1368.97492408752 751.599550247192 272.501051425934 28108.1085205078 14469.4938659668 6499.05824661255 320.490658283234 257.990151643753 0
"eu27" 0 0 -26.0631293058395 -35524.3682861328 -838.106036186218 0 -15198.7247467041 -86241.3940429688 -330074.279785156 -40707.7865600586 0 0 0 0 0 0 0 0
"uk" 0 0 -101.269826292992 -14.201708137989 0 0 -135.450899600983 -2295.73130607605 -4098.01483154297 0 0 0 0 0 0 0 0 0
"russia" 0 0 0 22466.5298461914 6939.83364105225 461.769044399261 0 83.4189802408218 5986.22417449951 18319.6926116943 2691.725730896 0 0 0 0 0 0 0
"efta" 0 0 -88.1633013486862 -1094.09141540527 165.831312537193 0 0 0 -628.817856311798 0 0 0 0 0 0 0 0 0
"mena" 0 0 0 3.17887519486248 21.4831419289112 0 0 248.505711555481 6493.3910369873 11559.6933364868 3520.29895782471 12.1250730007887 0 0 0 0 0 0
"ssa" 0 0 0 0 0 0 0 9043.9624786377 5844.3546295166 1050.60350894928 47.6550087332726 0 35950.065612793 51609.0927124023 45369.140625 7362.55598068237 308.910846710205 0
"restofworld" 0 0 5.91846276074648 412.870824337006 1417.5968170166 75.7545605301857 506.21223449707 2551.37276649475 45214.1304016113 12925.3931045532 37.3990274965763 0 0 0 0 0 0 0
