"angdrc" 0 0 0 0 0 0 0 0 -226.431488990784 -195.180460810661 0 0 -530.02405166626 -1762.67552375793 -1712.93544769287 -354.112654924393 0 0
"argentina" 0 0 0 67.2501549124718 103.438824415207 79.8937529325485 -642.07398891449 0 -2061.37228012085 -385.272353887558 723.358273506165 89.806042611599 0 0 0 0 0 0
"bolivia" 0 0 0 0 0 0 -1402.68468856812 -3393.65839958191 -8674.12757873535 -18737.2379302979 0 0 -28056.1218261719 -135408.660888672 -93379.2495727539 -39377.2201538086 0 0
"brasil" 0 0 0 0 0 0 -39756.1073303223 0 0 0 0 0 -289146.789550781 -66551.4678955078 -17671.0090637207 0 0 0
"colombia" 0 0 0 0 0 0 -245.89142203331 -6.6475747153163 0 0 0 0 -1460.33358573914 -94.8171988129616 -6.37502735480666 0 0 0
"ghana" 0 0 0 0 0 0 0 0 0 0 0 0 -4959.45692062378 -5008.64219665527 -58.9936226606369 0 0 0
"ivorycoast" 0 0 0 0 0 0 0 0 0 0 0 0 56254.5471191406 6739.17293548584 -910.702586174011 0 0 0
"indonesia" 0 0 0 0 0 0 0 0 0 0 0 0 -4807.11889266968 -57.086206972599 24.5819538831711 0 0 0
"madagascar" 0 0 0 0 0 0 0 0 0 0 0 0 11725.0003814697 755.73718547821 413.128435611725 0 0 0
"malasya" 0 0 0 0 0 0 0 0 0 0 0 0 -1594.99323368073 0 0 0 0 0
"mozambique" 0 0 0 0 0 0 0 0 0 0 0 0 0 880.411028862 2022.6628780365 569.300830364227 0 0
"myanmar" 0 0 0 0 0 0 72.4931135773659 585.392117500305 0 0 0 0 0 1613.60239982605 673.664927482605 0 0 0
"nigeria" 0 0 0 0 0 0 0 0 0 0 0 0 -5768.04256439209 -36945.915222168 -2285.87436676025 0 0 0
"paraguay" 0 0 0 0 0 0 -648.809134960175 0 0 0 0 0 -1332.91721343994 0 0 0 0 0
"peru" 0 0 0 0 0 0 1905.01737594604 2511.19899749756 1151.30090713501 1331.1687707901 3235.48769950867 180.485799908638 5438.29250335693 623.739719390869 489.63737487793 428.791731595993 229.937568306923 140.504941344261
"uruguay" 0 0 0 0 0 0 0 0 0 0 0 0 0 0 0 0 0 0
"venezuela" 0 0 0 0 0 0 0 0 0 0 0 0 -1864.04669284821 -2291.90826416016 -445.160716772079 0 -27.9283449053764 0
"newzealand" 0 0 -32.816257327795 0 0 0 -4516.78562164307 -1802.67655849457 0 0 0 0 0 0 0 0 0 0
"oceania" 0 0 0 0 0 0 -1765.5336856842 -2969.83003616333 -2117.0482635498 -197.999998927116 0 0 -22.9948461055756 -1084.38909053802 -147.552073001862 0 0 0
"china" 0 0 0 1587.12387084961 0 27.9522575438023 10921.8082427979 7408.3890914917 5446.10261917114 5354.26044464111 23.0669304728508 8.13329499214888 200.182944536209 475.956737995148 0 0 0 0
"japan" 0 0 0 -176.19813978672 0 0 -2936.76161766052 -3937.2353553772 -5944.20337677002 -399.822503328323 0 0 0 0 0 0 0 0
"korea" 0 0 0 0 0 0 0 -998.203873634338 -398.202419281006 0 0 0 0 0 0 0 0 0
"india" 0 0 0 0 0 0 291.822552680969 132.467716932297 29.3838493525982 200.222015380859 22.6353071630001 0 0 966.700553894043 5561.29217147827 2131.98471069336 -42.9329723119736 0
"eastasia" 0 0 0 105.646893382072 -2.1428233012557 0 0 43.4422194957733 3007.56120681763 98.1333255767822 0 0 155.885145068169 0 0 0 0 0
"seasia" 0 0 0 0 0 0 750.711441040039 270.697712898254 1.90890091471374 0 0 0 6994.93551254272 7054.01802062988 4912.64343261719 0 0 0
"southasia" 0 0 0 0 0 0 0 4.40535694360733 83.4582448005676 0.0300829851767048 0.107762461993843 0 125.693455338478 432.214379310608 175.497487187386 0 0 0
"us" 0 0 0 0.847171933855861 159.471780061722 37.3315811157227 -50509.8762512207 -57820.0378417969 -111135.139465332 -9216.88461303711 -7413.58757019043 313.330233097076 0 0 0 0 0 0
"canada" 0 0 -1615.17560482025 -63477.6306152344 -19428.5564422607 0 0 -550.071120262146 -113042.190551758 -201829.483032227 -37932.7850341797 0 0 0 0 0 0 0
"mexico" 0 0 0 0 0 0 -188.508108258247 -736.362516880035 -4579.64897155762 955.536544322968 700.333535671234 525.853037834167 -3649.63579177856 -6655.03311157227 -4134.86528396606 -360.530018806458 195.204526185989 0
"latinamer" 0 44.6738675236702 334.008425474167 412.065625190735 894.189953804016 52.529901266098 2038.30218315125 1607.55836963654 1334.25712585449 862.454771995544 475.602090358734 172.56760597229 16235.8417510986 8594.46716308594 3771.2459564209 193.528220057487 136.859595775604 0
"eu27" 0 0 -3.47399804741144 -8327.13890075684 -14.2721505835652 0 -2322.37148284912 -15192.6078796387 -61601.7074584961 -5840.8842086792 0 0 0 0 0 0 0 0
"uk" 0 0 -991.370141506195 -94.0077900886536 0 0 -421.82457447052 -6173.51675033569 -10852.4580001831 0 0 0 0 0 0 0 0 0
"russia" 0 0 0 7776.09252929688 2426.06544494629 173.930287361145 0 29.713224619627 2061.41424179077 6339.60247039795 921.903789043427 0 0 0 0 0 0 0
"efta" 0 0 -420.062184333801 -4594.70176696777 -541.175901889801 0 0 0 -4555.04131317139 0 0 0 0 0 0 0 0 0
"mena" 0 0 0 0.753292057197541 4.80456789955497 0 0 31.2700718641281 850.949347019196 2265.81788063049 871.185600757599 3.44521482475102 0 0 0 0 0 0
"ssa" 0 0 0 0 0 0 0 4345.97778320312 2880.30576705933 584.471702575684 27.5379382073879 0 18226.8238067627 25371.5534210205 21964.7598266602 4009.13286209106 171.693474054337 0
"restofworld" 0 0 1.89602049067616 138.284727931023 473.106622695923 25.3926478326321 168.304234743118 844.677805900574 14857.762336731 4207.50522613525 12.4548617750406 0 0 0 0 0 0 0
