"angdrc" 0 0 0 0 0 0 0 0 -272.397816181183 -238.078102469444 0 0 -518.169760704041 -1930.24969100952 -2074.6328830719 -436.937123537064 0 0
"argentina" 0 0 0 50.3574833273888 77.3869752883911 59.9853545427322 -943.147420883179 0 -2544.17181015015 -803.337275981903 485.994577407837 65.4541701078415 0 0 0 0 0 0
"bolivia" 0 0 0 0 0 0 1.41441822052002 11.3154277205467 19.8333077132702 52.144467830658 0 0 54.8364520072937 -9.86564159393311 78.6236524581909 95.6969410181046 0 0
"brasil" 0 0 0 0 0 0 -37340.7974243164 0 0 0 0 0 -281620.727539062 -72463.9129638672 -18095.8595275879 0 0 0
"colombia" 0 0 0 0 0 0 -232.167914509773 -6.31820363923907 0 0 0 0 -1413.52725028992 -89.8415818810463 -6.00417144596577 0 0 0
"ghana" 0 0 0 0 0 0 0 0 0 0 0 0 -5401.27182006836 -5419.71349716187 -63.4272322058678 0 0 0
"ivorycoast" 0 0 0 0 0 0 0 0 0 0 0 0 54308.6853027344 6392.63296127319 -893.539071083069 0 0 0
"indonesia" 0 0 0 0 0 0 0 0 0 0 0 0 -5261.27481460571 -56.753147393465 32.3793590068817 0 0 0
"madagascar" 0 0 0 0 0 0 0 0 0 0 0 0 10795.877456665 697.65031337738 381.587386131287 0 0 0
"malasya" 0 0 0 0 0 0 0 0 0 0 0 0 -1961.14206314087 0 0 0 0 0
"mozambique" 0 0 0 0 0 0 0 0 0 0 0 0 0 875.87982416153 2044.90900039673 575.788497924805 0 0
"myanmar" 0 0 0 0 0 0 69.4974958896637 559.832334518433 0 0 0 0 0 1544.32201385498 644.784927368164 0 0 0
"nigeria" 0 0 0 0 0 0 0 0 0 0 0 0 1594.87247467041 10515.1214599609 604.790925979614 0 0 0
"paraguay" 0 0 0 0 0 0 -5781.6858291626 0 0 0 0 0 -6896.28744125366 0 0 0 0 0
"peru" 0 0 0 0 0 0 1816.77985191345 2392.19117164612 1097.55039215088 1268.86892318726 3082.58104324341 172.185957431793 5112.33711242676 589.750409126282 466.13672375679 408.121585845947 219.006299972534 133.967369794846
"uruguay" 0 0 0 0 0 0 0 0 0 0 0 0 0 0 0 0 0 0
"venezuela" 0 0 0 0 0 0 0 0 0 0 0 0 -1936.14614009857 -2380.21159172058 -462.437450885773 0 -29.0103815495968 0
"newzealand" 0 0 -31.1672501266003 0 0 0 -4448.90213012695 -1768.28324794769 0 0 0 0 0 0 0 0 0 0
"oceania" 0 0 0 0 0 0 -1768.15700531006 -2949.79858398438 -2107.83052444458 -196.684777736664 0 0 -23.5866755247116 -1106.37450218201 -146.354883909225 0 0 0
"china" 0 0 0 1687.24751472473 0 30.3534660488367 11418.1079864502 7481.7967414856 5536.58103942871 5706.78281784058 25.0342804938555 8.84897913783789 201.923131942749 498.826235532761 0 0 0 0
"japan" 0 0 0 -182.372897863388 0 0 -3043.27964782715 -4078.81116867065 -6156.81123733521 -413.970798254013 0 0 0 0 0 0 0 0
"korea" 0 0 0 0 0 0 0 -1010.08141040802 -403.420686721802 0 0 0 0 0 0 0 0 0
"india" 0 0 0 0 0 0 235.046833753586 105.628937482834 8.94035212695599 152.802735567093 6.93031959235668 0 0 763.354182243347 4416.44477844238 1398.20885658264 -82.417830824852 0
"eastasia" 0 0 0 112.668760120869 2.77390610426664 0 0 34.2751890420914 2414.81447219849 90.0136902928352 0 0 132.590055465698 0 0 0 0 0
"seasia" 0 0 0 0 0 0 711.206793785095 256.4757168293 1.78284849971533 0 0 0 6490.49615859985 6709.54513549805 4604.13312911987 0 0 0
"southasia" 0 0 0 0 0 0 0 -3.44164413399994 7.55956815555692 -0.0919979647733271 0.0932644179556519 0 87.1192216873169 238.05844783783 84.3192338943481 0 0 0
"us" 0 0 0 1.61917926743627 385.283470153809 58.7815009057522 -50287.7807617188 -57281.3720703125 -111111.595153809 -9202.82936096191 -5893.74685287476 559.372901916504 0 0 0 0 0 0
"canada" 0 0 -1601.2761592865 -63104.3930053711 -19383.1920623779 0 0 -586.797475814819 -114036.811828613 -202267.379760742 -37573.5244750977 0 0 0 0 0 0 0
"mexico" 0 0 0 0 0 0 135.204806923866 502.594709396362 3090.39998054504 855.542600154877 45.1581701636314 -105.654038488865 2276.21078491211 3840.33942222595 2854.09593582153 1913.29681873322 0.816568732261658 0
"latinamer" 0 31.5482318401337 237.205013632774 290.511399507523 628.216743469238 36.8677973747253 1486.32776737213 1202.76761054993 967.003107070923 623.753190040588 336.730450391769 121.284395456314 12337.345123291 6553.95174026489 2889.6152973175 146.378204226494 108.423449099064 0
"eu27" 0 0 -4.57595475018024 -9960.39581298828 -45.6856153905392 0 -2991.85967445374 -19075.3707885742 -76783.4625244141 -7672.70421981812 0 0 0 0 0 0 0 0
"uk" 0 0 -980.871081352234 -93.3019667863846 0 0 -422.994017601013 -6206.47525787354 -10913.7859344482 0 0 0 0 0 0 0 0 0
"russia" 0 0 0 1259.53722000122 554.86798286438 34.6809029579163 0 5.98093401640654 571.042776107788 1560.59885025024 186.849534511566 0 0 0 0 0 0 0
"efta" 0 0 -420.443654060364 -4609.45081710815 -524.218857288361 0 0 0 -4538.818359375 0 0 0 0 0 0 0 0 0
"mena" 0 0 0 0.536119972821325 2.92118662036955 0 0 5.45222777873278 -154.806673526764 950.837850570679 696.119666099548 3.41727491468191 0 0 0 0 0 0
"ssa" 0 0 0 0 0 0 0 3674.43490028381 2466.85218811035 521.291077136993 24.8699802905321 0 15903.7494659424 21781.0096740723 18762.6285552979 3561.94400787354 153.420493006706 0
"restofworld" 0 0 1.7879456281662 134.413480758667 456.511974334717 24.810841307044 157.322868704796 792.260766029358 13400.4468917847 3912.63914108276 12.020580470562 0 0 0 0 0 0 0
