"angdrc" 0 0 0 0 0 0 0 0 1024.62148666382 929.609060287476 0 0 996.747374534607 5710.45732498169 7995.07427215576 1769.41192150116 0 0
"argentina" 0 0 0 -274.035304784775 -422.254532575607 -322.98269867897 -3454.01310920715 0 -5531.30531311035 -5667.21677780151 -3752.84624099731 -395.030826330185 0 0 0 0 0 0
"bolivia" 0 0 0 0 0 0 -221.64298593998 -522.448599338531 -1350.36098957062 -2943.99428367615 0 0 -4337.42189407349 -21705.2135467529 -14750.412940979 -6101.88102722168 0 0
"brasil" 0 0 0 0 0 0 17522.6650238037 0 0 0 0 0 63349.9641418457 11436.4070892334 4120.55206298828 0 0 0
"colombia" 0 0 0 0 0 0 -266.412615776062 -6.04376196861267 0 0 0 0 -577.264428138733 -95.3296050429344 -7.35350232571363 0 0 0
"ghana" 0 0 0 0 0 0 0 0 0 0 0 0 3052.5598526001 2861.35578155518 30.0290882587433 0 0 0
"ivorycoast" 0 0 0 0 0 0 0 0 0 0 0 0 66416.145324707 9165.90309143066 -916.744410991669 0 0 0
"indonesia" 0 0 0 0 0 0 0 0 0 0 0 0 -3289.03555870056 -53.9666637778282 -152.350381016731 0 0 0
"madagascar" 0 0 0 0 0 0 0 0 0 0 0 0 25344.4671630859 1618.90423297882 882.308304309845 0 0 0
"malasya" 0 0 0 0 0 0 0 0 0 0 0 0 -1381.4651966095 0 0 0 0 0
"mozambique" 0 0 0 0 0 0 0 0 0 0 0 0 0 1784.73055362701 3885.83421707153 1106.46295547485 0 0
"myanmar" 0 0 0 0 0 0 91.8988585472107 767.99750328064 0 0 0 0 0 2088.73224258423 946.506798267365 0 0 0
"nigeria" 0 0 0 0 0 0 0 0 0 0 0 0 -2698.86493682861 -17282.678604126 -1087.33522891998 0 0 0
"paraguay" 0 0 0 0 0 0 -21965.7421112061 0 0 0 0 0 -118748.664855957 0 0 0 0 0
"peru" 0 0 0 0 0 0 2144.53125 2845.8366394043 1298.89869689941 1503.31735610962 3667.83761978149 202.899515628815 6672.12629318237 728.330135345459 554.279327392578 486.275941133499 260.202646255493 158.466070890427
"uruguay" 0 0 0 0 0 0 0 0 0 0 0 0 0 0 0 0 0 0
"venezuela" 0 0 0 0 0 0 0 0 0 0 0 0 -534.273624420166 -670.218646526337 -128.963202238083 0 -8.78006126731634 0
"newzealand" 0 0 -16.6584700345993 0 0 0 -2409.06763076782 -955.488443374634 0 0 0 0 0 0 0 0 0 0
"oceania" 0 0 0 0 0 0 -790.320038795471 -1246.66333198547 -909.19041633606 -85.0786343216896 0 0 -12.445286847651 -558.653593063354 -62.6890808343887 0 0 0
"china" 0 0 0 1646.45302295685 0 16.6918039321899 11207.1313858032 11116.0335540771 7979.82835769653 4544.52896118164 14.8487407714128 4.78273443877697 253.736138343811 444.445073604584 0 0 0 0
"japan" 0 0 0 -127.593457698822 0 0 -2125.11444091797 -2846.05932235718 -4284.7375869751 -289.261788129807 0 0 0 0 0 0 0 0
"korea" 0 0 0 0 0 0 0 -758.029282093048 -309.3082010746 0 0 0 0 0 0 0 0 0
"india" 0 0 0 0 0 0 1415.1623249054 654.011070728302 494.041711091995 887.180685997009 268.540322780609 0 0 3589.923620224 23613.76953125 12381.4935684204 607.185184955597 0
"eastasia" 0 0 0 184.062317013741 -30.2329417318106 0 0 105.619207024574 9092.6456451416 288.264274597168 0 0 322.005927562714 0 0 0 0 0
"seasia" 0 0 0 0 0 0 1182.9913854599 485.775172710419 3.51014826446772 0 0 0 12860.0921630859 10758.9569091797 8960.14785766602 0 0 0
"southasia" 0 0 0 0 0 0 0 72.1774324774742 738.840460777283 0.68464525975287 -0.221244539716281 0 373.566061258316 2660.87985038757 1270.26271820068 0 0 0
"us" 0 0 0 -0.560456013772637 -173.719137907028 -5.71730360388756 -23328.0372619629 -25349.0676879883 -42320.1522827148 -4763.45491409302 -4481.00090026855 -94.6150124073029 0 0 0 0 0 0
"canada" 0 0 -638.171076774597 -24821.4874267578 -7590.68918228149 0 0 -237.870275974274 -47570.8618164062 -80355.3619384766 -15274.0030288696 0 0 0 0 0 0 0
"mexico" 0 0 0 0 0 0 -122.5800588727 -468.454360961914 -2896.00133895874 731.426000595093 478.046923875809 351.779043674469 -2394.57416534424 -4124.83787536621 -2483.02316665649 -152.474090456963 132.593140006065 0
"latinamer" 0 131.58193230629 967.432796955109 1216.15183353424 2665.10128974915 157.461374998093 5309.32331085205 3952.08287239075 3664.92509841919 2382.02428817749 1390.37752151489 515.503406524658 38788.2995605469 20713.6859893799 8943.34983825684 473.31827878952 312.112629413605 0
"eu27" 0 0 -20.1099030673504 -30427.2651672363 -562.041163444519 0 -11901.1001586914 -70402.0233154297 -272897.644042969 -32187.3207092285 0 0 0 0 0 0 0 0
"uk" 0 0 -95.4995229840279 -12.9100531339645 0 0 -118.115648627281 -1996.77979946136 -3561.12766265869 0 0 0 0 0 0 0 0 0
"russia" 0 0 0 28088.565826416 9029.9711227417 616.575658321381 0 106.360949575901 7846.89140319824 23856.9946289062 3480.92913627625 0 0 0 0 0 0 0
"efta" 0 0 -79.7932744026184 -985.966920852661 120.117969810963 0 0 0 -623.566448688507 0 0 0 0 0 0 0 0 0
"mena" 0 0 0 4.12031309679151 29.0998741984367 0 0 365.498930215836 10179.6798706055 17036.1518859863 4417.08612442017 13.0985267460346 0 0 0 0 0 0
"ssa" 0 0 0 0 0 0 0 12216.5546417236 7652.46868133545 1276.65328979492 56.0412630438805 0 45599.2813110352 68161.5676879883 59676.9256591797 9089.23530578613 373.695313930511 0
"restofworld" 0 0 6.14539766684175 409.854501485825 1414.74521160126 74.7782438993454 530.412614345551 2636.29388809204 48557.8498840332 13332.4613571167 37.2670106589794 0 0 0 0 0 0 0
