"angdrc" 0 0 0 0 0 0 0 0 375.639408826828 327.333271503448 0 0 702.954292297363 2643.08881759644 2895.05863189697 609.90035533905 0 0
"argentina" 0 0 0 10.8971605077386 16.7903825640678 12.7955228090286 171.093657612801 0 146.540299057961 212.803527712822 158.162742853165 16.1656588315964 0 0 0 0 0 0
"bolivia" 0 0 0 0 0 0 -17.3787996172905 -21.8816287815571 -74.8366266489029 -175.568893551826 0 0 -278.237402439117 -1936.10215187073 -904.784500598907 -293.042331933975 0 0
"brasil" 0 0 0 0 0 0 1099.689245224 0 0 0 0 0 5960.92462539673 13583.8146209717 1894.13595199585 0 0 0
"colombia" 0 0 0 0 0 0 210873.794555664 6314.93139266968 0 0 0 0 1046953.49121094 50689.9719238281 5017.13275909424 0 0 0
"ghana" 0 0 0 0 0 0 0 0 0 0 0 0 295873.748779297 248633.316040039 1025.45547485352 0 0 0
"ivorycoast" 0 0 0 0 0 0 0 0 0 0 0 0 743050.78125 355060.424804688 37928.524017334 0 0 0
"indonesia" 0 0 0 0 0 0 0 0 0 0 0 0 208.78130197525 30.4961148649454 84.7101807594299 0 0 0
"madagascar" 0 0 0 0 0 0 0 0 0 0 0 0 23068.2716369629 1472.28479385376 802.327692508698 0 0 0
"malasya" 0 0 0 0 0 0 0 0 0 0 0 0 -837.115049362183 0 0 0 0 0
"mozambique" 0 0 0 0 0 0 0 0 0 0 0 0 0 907.526791095734 1833.02330970764 522.56965637207 0 0
"myanmar" 0 0 0 0 0 0 28.3223446458578 250.75027346611 0 0 0 0 0 657.839953899384 287.69239783287 0 0 0
"nigeria" 0 0 0 0 0 0 0 0 0 0 0 0 3614.11690711975 23535.8581542969 1407.13930130005 0 0 0
"paraguay" 0 0 0 0 0 0 87.788999080658 0 0 0 0 0 -142.087981104851 0 0 0 0 0
"peru" 0 0 0 0 0 0 2331.0124874115 3073.28605651855 1408.11550617218 1629.31764125824 3967.13638305664 221.051588654518 6702.46315002441 750.977277755737 595.217406749725 521.122813224792 281.726688146591 172.152727842331
"uruguay" 0 0 0 0 0 0 0 0 0 0 0 0 0 0 0 0 0 0
"venezuela" 0 0 0 0 0 0 0 0 0 0 0 0 825.677394866943 1007.68065452576 196.745082736015 0 12.1123054996133 0
"newzealand" 0 0 0.740052782930434 0 0 0 1384.09912586212 489.699304103851 0 0 0 0 0 0 0 0 0 0
"oceania" 0 0 0 0 0 0 886.496722698212 1359.17341709137 1087.77642250061 99.1879180073738 0 0 16.1163806915283 701.968789100647 65.2336999773979 0 0 0
"china" 0 0 0 157.989919185638 0 -4.47563454508781 2151.32570266724 4161.32926940918 2781.48555755615 176.857054233551 -3.30650736577809 -1.40520418062806 91.9568240642548 63.1527081131935 0 0 0 0
"japan" 0 0 0 -171.260610222816 0 0 -2851.6674041748 -3833.65368843079 -5780.16185760498 -389.036417007446 0 0 0 0 0 0 0 0
"korea" 0 0 0 0 0 0 0 -1036.49806976318 -419.524818658829 0 0 0 0 0 0 0 0 0
"india" 0 0 0 0 0 0 726.420819759369 319.189220666885 210.647508502007 428.16624045372 136.448100209236 0 0 2047.56188392639 12102.1966934204 6831.95018768311 309.439241886139 0
"eastasia" 0 0 0 259.638249874115 -1.85829191468656 0 0 94.3564400076866 7663.79451751709 331.829130649567 0 0 282.632917165756 0 0 0 0 0
"seasia" 0 0 0 0 0 0 784.964203834534 298.286527395248 2.39373301155865 0 0 0 8526.25465393066 7088.71221542358 6012.2184753418 0 0 0
"southasia" 0 0 0 0 0 0 0 56.006234139204 583.931386470795 0.630331109277904 -0.113343572593294 0 292.510569095612 1908.87117385864 921.080708503723 0 0 0
"us" 0 0 0 0.310545088723302 37.7379804849625 16.6108123958111 -28892.2443389893 -31212.438583374 -44250.415802002 -4489.99834060669 -3795.64023017883 155.15398979187 0 0 0 0 0 0
"canada" 0 0 -726.69392824173 -28379.5566558838 -8717.53215789795 0 0 -248.703718185425 -53332.0350646973 -91965.4235839844 -17478.4374237061 0 0 0 0 0 0 0
"mexico" 0 0 0 0 0 0 237.611934542656 893.059313297272 5798.53582382202 1543.30039024353 39.827786386013 -217.71427989006 3998.41403961182 7052.62088775635 5583.80270004272 3306.10704421997 -12.2477263212204 0
"latinamer" 0 100.991785526276 750.939846038818 933.369398117065 2032.71579742432 119.542896747589 4449.33700561523 3373.44741821289 2935.2240562439 1909.44731235504 1074.05745983124 392.442852258682 33552.562713623 17792.9534912109 7644.78397369385 410.170346498489 285.785764455795 0
"eu27" 0 0 -16.5566429495811 -25970.7412719727 -471.588462591171 0 -10127.5100708008 -59063.0264282227 -231190.322875977 -27116.5828704834 0 0 0 0 0 0 0 0
"uk" 0 0 -34.8351821303368 -6.50335941463709 0 0 -80.0583511590958 -1406.53443336487 -2522.04418182373 0 0 0 0 0 0 0 0 0
"russia" 0 0 0 16147.0832824707 4697.64947891235 297.187447547913 0 58.3824664354324 4025.14600753784 12381.7644119263 1824.87046718597 0 0 0 0 0 0 0
"efta" 0 0 -79.0704935789108 -972.723007202148 90.9967496991158 0 0 0 -668.285846710205 0 0 0 0 0 0 0 0 0
"mena" 0 0 0 4.28674835711718 30.7093653827906 0 0 376.96436047554 11086.6851806641 18036.8461608887 4490.30876159668 12.7299502491951 0 0 0 0 0 0
"ssa" 0 0 0 0 0 0 0 11785.3202819824 7417.77467727661 1246.89662456512 54.9800507724285 0 44219.4061279297 66316.2307739258 57930.3703308105 8831.57253265381 365.576356649399 0
"restofworld" 0 0 5.68962004035711 368.859171867371 1287.17136383057 66.8460354208946 504.053115844727 2475.87203979492 47270.8358764648 12617.0682907104 33.7907113134861 0 0 0 0 0 0 0
