"angdrc" 0 0 0 0 0 0 0 0 398.39294552803 348.030418157578 0 0 716.238439083099 2756.02459907532 3073.32420349121 649.500727653503 0 0
"argentina" 0 0 0 4.48917178437114 6.93171657621861 5.20860636606812 105.772420763969 0 154.354691505432 153.084620833397 79.8775479197502 7.40702357143164 0 0 0 0 0 0
"bolivia" 0 0 0 0 0 0 -19.5382237434387 -24.9696876853704 -85.2045267820358 -200.134515762329 0 0 -315.185755491257 -2183.72678756714 -1046.26286029816 -343.088954687119 0 0
"brasil" 0 0 0 0 0 0 1602.14412212372 0 0 0 0 0 9664.4344329834 13512.8383636475 1957.01348781586 0 0 0
"colombia" 0 0 0 0 0 0 211550.964355469 6335.55126190186 0 0 0 0 1049417.60253906 50914.2570495605 5032.57894515991 0 0 0
"ghana" 0 0 0 0 0 0 0 0 0 0 0 0 295878.204345703 248634.338378906 1025.47752857208 0 0 0
"ivorycoast" 0 0 0 0 0 0 0 0 0 0 0 0 743071.533203125 355066.375732422 37929.7676086426 0 0 0
"indonesia" 0 0 0 0 0 0 0 0 0 0 0 0 -1324.39112663269 -29.0502123534679 -66.8922588229179 0 0 0
"madagascar" 0 0 0 0 0 0 0 0 0 0 0 0 24012.1383666992 1532.99617767334 835.387051105499 0 0 0
"malasya" 0 0 0 0 0 0 0 0 0 0 0 0 -224.556863307953 0 0 0 0 0
"mozambique" 0 0 0 0 0 0 0 0 0 0 0 0 0 1087.28694915771 2212.68057823181 630.511999130249 0 0
"myanmar" 0 0 0 0 0 0 37.3681522905827 329.628676176071 0 0 0 0 0 868.731200695038 389.894783496857 0 0 0
"nigeria" 0 0 0 0 0 0 0 0 0 0 0 0 3859.5597743988 25154.2854309082 1500.51379203796 0 0 0
"paraguay" 0 0 0 0 0 0 77.2451907396317 0 0 0 0 0 -254.450619220734 0 0 0 0 0
"peru" 0 0 0 0 0 0 2539.01338577271 3346.59767150879 1533.61809253693 1774.55043792725 4320.53661346436 240.821540355682 7266.42179489136 816.206991672516 648.002862930298 567.275285720825 306.76856637001 187.512472271919
"uruguay" 0 0 0 0 0 0 0 0 0 0 0 0 0 0 0 0 0 0
"venezuela" 0 0 0 0 0 0 0 0 0 0 0 0 825.965881347656 1007.1656703949 196.686327457428 0 12.0759960263968 0
"newzealand" 0 0 -22.2327969968319 0 0 0 -2819.79131698608 -1135.99443435669 0 0 0 0 0 0 0 0 0 0
"oceania" 0 0 0 0 0 0 -1063.35306167603 -1749.65989589691 -1231.00829124451 -116.188913583755 0 0 -14.7550338879228 -678.303003311157 -89.0220329165459 0 0 0
"china" 0 0 0 322.800159454346 0 -2.89891427382827 3316.20311737061 5267.88091659546 3579.28586006165 620.346188545227 -1.8779553938657 -0.971043598838151 120.813943445683 111.743658781052 0 0 0 0
"japan" 0 0 0 -147.399917244911 0 0 -2452.54588127136 -3299.55840110779 -4965.97099304199 -334.581583738327 0 0 0 0 0 0 0 0
"korea" 0 0 0 0 0 0 0 -815.529346466064 -331.035971641541 0 0 0 0 0 0 0 0 0
"india" 0 0 0 0 0 0 808.77959728241 352.818548679352 227.019086480141 485.747516155243 149.683594703674 0 0 2289.46495056152 13531.1765670776 7511.2419128418 313.960164785385 0
"eastasia" 0 0 0 132.558703422546 -33.689096570015 0 0 107.903853058815 8669.71588134766 261.013329029083 0 0 309.427887201309 0 0 0 0 0
"seasia" 0 0 0 0 0 0 896.075308322906 346.785187721252 2.72651063278317 0 0 0 9949.71466064453 8056.37550354004 6839.86902236938 0 0 0
"southasia" 0 0 0 0 0 0 0 56.2249571084976 575.490772724152 0.590276729781181 -0.161477102665231 0 307.158321142197 1932.76762962341 930.387258529663 0 0 0
"us" 0 0 0 -0.581702217459679 -211.445763707161 -8.31258855760098 -27869.7357177734 -30287.3764038086 -41679.4395446777 -4239.34841156006 -5027.43625640869 -126.157239079475 0 0 0 0 0 0
"canada" 0 0 -691.605567932129 -26896.0227966309 -8171.33808135986 0 0 -196.476057171822 -48873.6915588379 -85191.4901733398 -16539.4458770752 0 0 0 0 0 0 0
"mexico" 0 0 0 0 0 0 -98.2559472322464 -391.721487045288 -2152.91571617126 1081.27808570862 533.816635608673 348.819315433502 -2049.64327812195 -3600.15892982483 -1911.92829608917 390.833586454391 145.282104611397 0
"latinamer" 0 113.577097654343 844.651818275452 1050.24445056915 2287.34350204468 134.463548660278 5020.21074295044 3813.54475021362 3308.12096595764 2150.05707740784 1208.6353302002 441.517055034637 37995.7008361816 20120.267868042 8654.82807159424 462.951391935349 322.810709476471 0
"eu27" 0 0 -15.6549233943224 -24545.1583862305 -453.467041254044 0 -9650.54988861084 -55762.2337341309 -218516.403198242 -25660.7513427734 0 0 0 0 0 0 0 0
"uk" 0 0 -50.1037985086441 -7.48620694503188 0 0 -77.4521380662918 -1336.28416061401 -2390.79570770264 0 0 0 0 0 0 0 0 0
"russia" 0 0 0 17835.4167938232 5125.60033798218 326.1479139328 0 64.1434714198112 4362.60557174683 13473.8922119141 1992.37418174744 0 0 0 0 0 0 0
"efta" 0 0 -77.2002562880516 -947.302520275116 74.2710158228874 0 0 0 -678.344488143921 0 0 0 0 0 0 0 0 0
"mena" 0 0 0 4.25713742151856 30.8216139674187 0 0 382.869780063629 11378.1623840332 18341.6423797607 4371.2944984436 11.7744188755751 0 0 0 0 0 0
"ssa" 0 0 0 0 0 0 0 12322.283744812 7742.18225479126 1296.06771469116 57.0964142680168 0 46212.3832702637 69369.1253662109 60471.363067627 9171.64325714111 380.272656679153 0
"restofworld" 0 0 5.71344094350934 367.887884378433 1286.33391857147 66.5210485458374 509.984850883484 2499.44019317627 48040.397644043 12729.9947738647 33.7328501045704 0 0 0 0 0 0 0
