"angdrc" 0 0 0 0 0 0 0 0 446.456670761108 398.77849817276 0 0 614.212930202484 2779.59108352661 3464.06102180481 752.139687538147 0 0
"argentina" 0 0 0 14.9531103670597 23.0427663773298 17.56945066154 246.19559943676 0 241.596430540085 312.696188688278 215.628355741501 22.0739040523767 0 0 0 0 0 0
"bolivia" 0 0 0 0 0 0 -16.723295673728 -19.208250567317 -69.1744610667229 -162.805736064911 0 0 -262.004613876343 -1893.31412315369 -858.317136764526 -266.439408063889 0 0
"brasil" 0 0 0 0 0 0 -494.091153144836 0 0 0 0 0 -2844.71201896667 12004.1522979736 1603.48796844482 0 0 0
"colombia" 0 0 0 0 0 0 210524.322509766 6303.42102050781 0 0 0 0 1045226.68457031 50584.4497680664 5009.60922241211 0 0 0
"ghana" 0 0 0 0 0 0 0 0 0 0 0 0 295953.887939453 248681.701660156 1025.29966831207 0 0 0
"ivorycoast" 0 0 0 0 0 0 0 0 0 0 0 0 63930.0231933594 8965.78788757324 -861.964046955109 0 0 0
"indonesia" 0 0 0 0 0 0 0 0 0 0 0 0 -1010.88321208954 -22.1050065010786 -54.2843453586102 0 0 0
"madagascar" 0 0 0 0 0 0 0 0 0 0 0 0 21559.8468780518 1385.9099149704 756.277143955231 0 0 0
"malasya" 0 0 0 0 0 0 0 0 0 0 0 0 128.682002425194 0 0 0 0 0
"mozambique" 0 0 0 0 0 0 0 0 0 0 0 0 0 1283.31756591797 2665.57693481445 757.575869560242 0 0
"myanmar" 0 0 0 0 0 0 68.714439868927 573.934078216553 0 0 0 0 0 1565.80853462219 686.34021282196 0 0 0
"nigeria" 0 0 0 0 0 0 0 0 0 0 0 0 3730.13687133789 23898.7159729004 1473.21486473083 0 0 0
"paraguay" 0 0 0 0 0 0 54.190319031477 0 0 0 0 0 -272.651731967926 0 0 0 0 0
"peru" 0 0 0 0 0 0 2468.45769882202 3250.62680244446 1490.28253555298 1724.68292713165 4199.41711425781 234.244167804718 6997.29347229004 783.758819103241 627.797842025757 549.391448497772 298.225790262222 182.340577244759
"uruguay" 0 0 0 0 0 0 0 0 0 0 0 0 0 0 0 0 0 0
"venezuela" 0 0 0 0 0 0 0 0 0 0 0 0 829.709947109222 1013.28754425049 197.641387581825 0 12.1882287785411 0
"newzealand" 0 0 -22.0007877796888 0 0 0 -2874.91106987 -1154.04808521271 0 0 0 0 0 0 0 0 0 0
"oceania" 0 0 0 0 0 0 -1110.96572875977 -1800.78744888306 -1276.9387960434 -120.854720473289 0 0 -15.9756448119879 -727.682292461395 -91.8604731559753 0 0 0
"china" 0 0 0 716.052651405334 0 3.92628973349929 5626.60264968872 6622.96533584595 4701.18999481201 1868.15440654755 3.81143018603325 1.02887721732259 157.047018408775 212.687104940414 0 0 0 0
"japan" 0 0 0 -153.46884727478 0 0 -2550.56643486023 -3432.66844749451 -5171.68378829956 -348.38679432869 0 0 0 0 0 0 0 0
"korea" 0 0 0 0 0 0 0 -828.371822834015 -335.293740034103 0 0 0 0 0 0 0 0 0
"india" 0 0 0 0 0 0 873.236835002899 383.945345878601 260.484397411346 545.720815658569 162.208914756775 0 0 2459.59663391113 15004.5518875122 8310.8491897583 370.900541543961 0
"eastasia" 0 0 0 200.956225395203 -12.4051840975881 0 0 99.2351472377777 7746.95444107056 298.541724681854 0 0 288.408726453781 0 0 0 0 0
"seasia" 0 0 0 0 0 0 929.939746856689 361.065953969955 2.66427360475063 0 0 0 10280.2486419678 8382.61795043945 6728.12223434448 0 0 0
"southasia" 0 0 0 0 0 0 0 61.816681176424 642.095804214478 0.710024847649038 -0.0870273070177063 0 313.816666603088 2105.65257072449 1010.8015537262 0 0 0
"us" 0 0 0 0.429774605436251 56.2869906425476 18.3771997690201 -31444.637298584 -34159.2407226562 -45070.8999633789 -4049.1156578064 -3652.71663665771 176.459178328514 0 0 0 0 0 0
"canada" 0 0 -786.06516122818 -30682.4645996094 -9338.00315856934 0 0 -219.160929322243 -55237.8158569336 -96889.1983032227 -18838.1958007812 0 0 0 0 0 0 0
"mexico" 0 0 0 0 0 0 -105.977714061737 -427.533268928528 -2237.15996742249 1561.27238273621 700.287222862244 433.331727981567 -2299.42679405212 -4002.27022171021 -1925.70781707764 824.583828449249 188.37559223175 0
"latinamer" 0 105.864234268665 787.680685520172 978.598296642303 2130.57613372803 125.248953700066 4678.29465866089 3521.32678031921 3075.87146759033 2003.46183776855 1126.40309333801 411.255747079849 34988.7390136719 18515.1023864746 7897.78566360474 430.556893348694 300.555497407913 0
"eu27" 0 0 -18.2960517704487 -29447.8759765625 -526.084542274475 0 -11485.1217269897 -65376.350402832 -255571.578979492 -29830.6465148926 0 0 0 0 0 0 0 0
"uk" 0 0 -12.614537961781 -4.86216275021434 0 0 -80.4926455020905 -1436.31529808044 -2577.18515396118 0 0 0 0 0 0 0 0 0
"russia" 0 0 0 18974.2889404297 5661.9873046875 363.228619098663 0 69.7402879595757 4883.13961029053 14970.8490371704 2199.55277442932 0 0 0 0 0 0 0
"efta" 0 0 -79.8421502113342 -1000.51331520081 111.946105957031 0 0 0 -664.41822052002 0 0 0 0 0 0 0 0 0
"mena" 0 0 0 4.20066015794873 29.8194698989391 0 0 360.178500413895 10461.0929489136 17223.4401702881 4411.91864013672 12.9506150260568 0 0 0 0 0 0
"ssa" 0 0 0 0 0 0 0 11623.8565444946 7417.7565574646 1266.1224603653 56.259959936142 0 44431.3583374023 66394.660949707 58379.5051574707 8984.60960388184 372.284770011902 0
"restofworld" 0 0 5.88010065257549 392.291605472565 1364.89081382751 71.4125856757164 518.502950668335 2560.93049049377 47937.7784729004 13084.6738815308 35.8577817678452 0 0 0 0 0 0 0
