"angdrc" 0 0 0 0 0 0 0 0 1892.57276058197 1699.86045360565 0 0 2265.33365249634 11257.3270797729 14692.7900314331 3210.5438709259 0 0
"argentina" 0 0 0 238.150388002396 368.592500686646 276.735156774521 13204.5459747314 0 48721.7597961426 14465.8670425415 5628.32498550415 360.624819993973 0 0 0 0 0 0
"bolivia" 0 0 0 0 0 0 -95.4474955797195 -195.143952965736 -529.940485954285 -1195.82736492157 0 0 -1782.30345249176 -9640.61832427979 -5748.4827041626 -2301.82266235352 0 0
"brasil" 0 0 0 0 0 0 753502.197265625 0 0 0 0 0 2146871.58203125 3386129.15039062 605417.724609375 0 0 0
"colombia" 0 0 0 0 0 0 213918.395996094 6410.28261184692 0 0 0 0 1061081.17675781 51863.7466430664 5085.54649353027 0 0 0
"ghana" 0 0 0 0 0 0 0 0 0 0 0 0 295851.226806641 248608.71887207 1024.59812164307 0 0 0
"ivorycoast" 0 0 0 0 0 0 0 0 0 0 0 0 741426.940917969 354692.779541016 37860.9962463379 0 0 0
"indonesia" 0 0 0 0 0 0 0 0 0 0 0 0 4820.83129882812 -52.4167381227016 -334.396511316299 0 0 0
"madagascar" 0 0 0 0 0 0 0 0 0 0 0 0 32434.0591430664 2002.78878211975 1083.78422260284 0 0 0
"malasya" 0 0 0 0 0 0 0 0 0 0 0 0 6063.74263763428 0 0 0 0 0
"mozambique" 0 0 0 0 0 0 0 0 0 0 0 0 0 553.691387176514 651.857435703278 199.504658579826 0 0
"myanmar" 0 0 0 0 0 0 -45.3824102878571 -311.577647924423 0 0 0 0 0 -946.871757507324 -312.357634305954 0 0 0
"nigeria" 0 0 0 0 0 0 0 0 0 0 0 0 5939.02158737183 38111.8965148926 2365.30470848083 0 0 0
"paraguay" 0 0 0 0 0 0 112087.287902832 0 0 0 0 0 81575.3402709961 0 0 0 0 0
"peru" 0 0 0 0 0 0 2282.14812278748 3041.9020652771 1383.22556018829 1603.12569141388 3927.3898601532 215.851157903671 7556.2572479248 779.084503650665 587.498962879181 515.767395496368 278.269946575165 169.038772583008
"uruguay" 0 0 0 0 0 0 0 0 0 0 0 0 0 0 0 0 0 0
"venezuela" 0 0 0 0 0 0 0 0 0 0 0 0 7850.00801086426 9678.4029006958 1882.62009620667 0 117.950931191444 0
"newzealand" 0 0 10.8685521408916 0 0 0 893.271744251251 384.537070989609 0 0 0 0 0 0 0 0 0 0
"oceania" 0 0 0 0 0 0 529.913187026978 1082.35430717468 840.552389621735 76.6385197639465 0 0 3.02024744451046 195.455983281136 50.6061501801014 0 0 0
"china" 0 0 0 -2215.16513824463 0 -58.1327490508556 -13275.3839492798 -2399.72186088562 -2494.07315254211 -8665.04955291748 -46.7202998697758 -17.1808768063784 -121.633127331734 -653.215885162354 0 0 0 0
"japan" 0 0 0 52.0600043237209 0 0 860.559403896332 1143.77760887146 1715.31105041504 117.152765393257 0 0 0 0 0 0 0 0
"korea" 0 0 0 0 0 0 0 271.35181427002 94.4901704788208 0 0 0 0 0 0 0 0 0
"india" 0 0 0 0 0 0 1500.99396705627 688.75253200531 595.084011554718 813.050150871277 376.769363880157 0 0 4288.50173950195 24819.8928833008 16699.7909545898 1142.52507686615 0
"eastasia" 0 0 0 -409.327626228333 -163.568556308746 0 0 128.49235534668 11652.3151397705 -51.9201532006264 0 0 287.76678442955 0 0 0 0 0
"seasia" 0 0 0 0 0 0 515.537440776825 226.927995681763 2.53230636008084 0 0 0 8288.50173950195 4044.59476470947 6049.53527450562 0 0 0
"southasia" 0 0 0 0 0 0 0 130.379498004913 1201.30729675293 1.47854827810079 -0.448133825557306 0 718.058049678802 3734.96413230896 1782.20987319946 0 0 0
"us" 0 0 0 -9.60160885006189 -2623.30937385559 -249.959260225296 12846.5766906738 20564.3939971924 83162.7655029297 -935.445427894592 -12620.3756332397 -2694.59629058838 0 0 0 0 0 0
"canada" 0 0 1205.0096988678 46094.7341918945 13567.9349899292 0 0 255.318194627762 75614.4256591797 151593.551635742 29243.2746887207 0 0 0 0 0 0 0
"mexico" 0 0 0 0 0 0 327.504187822342 1253.8515329361 8090.88516235352 1167.70911216736 -285.142093896866 -472.127854824066 5724.26986694336 10342.2050476074 8034.57450866699 3531.8489074707 -106.514789164066 0
"latinamer" 0 184.003576636314 1357.30004310608 1703.91190052032 3729.37870025635 219.834208488464 7718.15013885498 5739.54963684082 5191.72811508179 3378.12376022339 1952.19326019287 720.772385597229 56057.2357177734 29786.8576049805 12806.3983917236 682.212173938751 442.235350608826 0
"eu27" 0 0 -0.0843623129185289 -2483.4840297699 54.0642775595188 0 -226.784020662308 -609.959244728088 -6272.23014831543 738.945782184601 0 0 0 0 0 0 0 0
"uk" 0 0 -292.233616113663 -24.5834589004517 0 0 -63.8512298464775 -708.129227161407 -1217.404961586 0 0 0 0 0 0 0 0 0
"russia" 0 0 0 33928.4400939941 9718.79577636719 630.954384803772 0 122.142367064953 8147.55630493164 25472.1069335938 3852.1990776062 0 0 0 0 0 0 0
"efta" 0 0 56.4979240298271 694.230914115906 37.3891964554787 0 0 0 695.147931575775 0 0 0 0 0 0 0 0 0
"mena" 0 0 0 7.25163519382477 55.684395134449 0 0 805.176138877869 25507.8449249268 37246.5476989746 7032.81116485596 12.8410877659917 0 0 0 0 0 0
"ssa" 0 0 0 0 0 0 0 18052.4616241455 10636.7063522339 1465.22307395935 58.5142932832241 0 60215.6295776367 95578.3386230469 82757.194519043 10701.5933990479 424.957245588303 0
"restofworld" 0 0 7.04500684514642 373.809009790421 1363.85273933411 64.7516921162605 655.971884727478 3184.37600135803 68588.9129638672 16527.7194976807 35.5897359549999 0 0 0 0 0 0 0
