"angdrc" 0 0 0 0 0 0 0 0 1922.61743545532 1732.56647586823 0 0 2164.78657722473 11211.8310928345 14940.4249191284 3277.80818939209 0 0
"argentina" 0 0 0 245.465978980064 379.879355430603 285.369396209717 13394.6676254272 0 48964.469909668 14652.1549224854 5732.20300674438 371.073484420776 0 0 0 0 0 0
"bolivia" 0 0 0 0 0 0 -94.6691036224365 -192.664623260498 -524.210631847382 -1182.58678913116 0 0 -1765.22767543793 -9577.28481292725 -5694.80562210083 -2274.50823783875 0 0
"brasil" 0 0 0 0 0 0 755704.467773438 0 0 0 0 0 2154867.43164062 3403258.05664062 608394.53125 0 0 0
"colombia" 0 0 0 0 0 0 213537.612915039 6397.78661727905 0 0 0 0 1059288.81835938 51750.8316040039 5077.24905014038 0 0 0
"ghana" 0 0 0 0 0 0 0 0 0 0 0 0 295828.308105469 248599.92980957 1024.3284702301 0 0 0
"ivorycoast" 0 0 0 0 0 0 0 0 0 0 0 0 74812.0193481445 9591.88461303711 -1158.19203853607 0 0 0
"indonesia" 0 0 0 0 0 0 0 0 0 0 0 0 5426.77211761475 -44.5695295929909 -333.685725927353 0 0 0
"madagascar" 0 0 0 0 0 0 0 0 0 0 0 0 32110.6071472168 1987.86115646362 1076.22849941254 0 0 0
"malasya" 0 0 0 0 0 0 0 0 0 0 0 0 6488.93547058105 0 0 0 0 0
"mozambique" 0 0 0 0 0 0 0 0 0 0 0 0 0 806.257545948029 1195.955991745 351.715326309204 0 0
"myanmar" 0 0 0 0 0 0 -12.437560595572 -52.1874502301216 0 0 0 0 0 -214.258134365082 -0.539473257958889 0 0 0
"nigeria" 0 0 0 0 0 0 0 0 0 0 0 0 6136.60097122192 39070.8236694336 2462.06712722778 0 0 0
"paraguay" 0 0 0 0 0 0 112421.463012695 0 0 0 0 0 81743.408203125 0 0 0 0 0
"peru" 0 0 0 0 0 0 2411.79227828979 3209.97190475464 1460.95204353333 1693.1676864624 4146.25978469849 228.251174092293 7848.060131073 813.562214374542 619.121253490448 543.263375759125 293.838679790497 178.628012537956
"uruguay" 0 0 0 0 0 0 0 0 0 0 0 0 0 0 0 0 0 0
"venezuela" 0 0 0 0 0 0 0 0 0 0 0 0 7831.4414024353 9655.36022186279 1878.058552742 0 117.661833763123 0
"newzealand" 0 0 9.19581297785044 0 0 0 749.998569488525 323.167771100998 0 0 0 0 0 0 0 0 0 0
"oceania" 0 0 0 0 0 0 529.762744903564 1085.48212051392 838.988125324249 76.0959684848785 0 0 2.97956028953195 195.07609307766 50.2074845135212 0 0 0
"china" 0 0 0 -1925.49252510071 0 -53.9990141987801 -11446.2833404541 -1001.51538848877 -1393.98336410522 -7787.84847259521 -43.2146787643433 -15.9817188978195 -85.9633907675743 -576.636135578156 0 0 0 0
"japan" 0 0 0 47.7161891758442 0 0 790.611624717712 1051.43773555756 1574.27132129669 107.424594461918 0 0 0 0 0 0 0 0
"korea" 0 0 0 0 0 0 0 285.613894462585 100.925587117672 0 0 0 0 0 0 0 0 0
"india" 0 0 0 0 0 0 1669.77763175964 764.670610427856 660.191178321838 943.867027759552 411.162555217743 0 0 4744.67134475708 28021.5225219727 18482.0137023926 1242.68555641174 0
"eastasia" 0 0 0 -335.95484495163 -148.694604635239 0 0 133.312910795212 11842.90599823 13.9148402959108 0 0 302.401840686798 0 0 0 0 0
"seasia" 0 0 0 0 0 0 610.800445079803 265.340387821198 2.67453445121646 0 0 0 9345.3197479248 4898.41890335083 6448.63843917847 0 0 0
"southasia" 0 0 0 0 0 0 0 143.921568989754 1340.67273139954 1.67721824254841 -0.416055525420234 0 762.785613536835 4130.85985183716 1974.60412979126 0 0 0
"us" 0 0 0 -9.22300014644861 -2534.44170951843 -241.286888718605 10693.7570571899 17896.0361480713 82099.4338989258 -390.961915254593 -12153.413772583 -2597.20301628113 0 0 0 0 0 0
"canada" 0 0 1142.66955852509 43750.9231567383 12929.1038513184 0 0 289.148658514023 73766.5405273438 145756.195068359 27758.1157684326 0 0 0 0 0 0 0
"mexico" 0 0 0 0 0 0 -24.2944117635489 -98.5110551118851 -140.486523509026 856.592535972595 285.665452480316 144.813001155853 -622.648417949677 -689.75830078125 267.976671457291 673.614382743835 74.7943595051765 0
"latinamer" 0 189.834386110306 1401.14259719849 1758.05807113647 3846.81224822998 226.700350642204 7995.85390090942 5930.4347038269 5363.74139785767 3492.57445335388 2015.1948928833 743.458449840546 57912.9981994629 30757.7934265137 13174.4213104248 707.523763179779 460.512936115265 0
"eu27" 0 0 -2.08592368289828 -6430.76038360596 1.82026904076338 0 -1748.08835983276 -8635.70213317871 -37149.9633789062 -2694.68474388123 0 0 0 0 0 0 0 0
"uk" 0 0 -252.443015575409 -21.5709954500198 0 0 -62.6467987895012 -738.33441734314 -1279.7669172287 0 0 0 0 0 0 0 0 0
"russia" 0 0 0 37066.1773681641 10689.1784667969 700.554609298706 0 134.007453918457 8968.12534332275 28015.100479126 4228.23619842529 0 0 0 0 0 0 0
"efta" 0 0 -55.6483790278435 -597.330272197723 -133.657053112984 0 0 0 -720.589280128479 0 0 0 0 0 0 0 0 0
"mena" 0 0 0 7.47440895065665 56.9813400506973 0 0 816.744387149811 25725.6374359131 37777.0576477051 7313.06982040405 14.133826829493 0 0 0 0 0 0
"ssa" 0 0 0 0 0 0 0 18501.6689300537 10973.7033843994 1532.57584571838 61.6579540073872 0 62185.3065490723 98475.4028320312 85589.0045166016 11207.1132659912 444.900929927826 0
"restofworld" 0 0 7.33950734138489 401.535123586655 1456.91025257111 70.0858011841774 678.45207452774 3304.7559261322 70193.3517456055 17175.178527832 38.0721166729927 0 0 0 0 0 0 0
