"angdrc" 0 0 0 0 0 0 0 0 181.907340884209 148.414433002472 0 0 502.155601978302 1552.03652381897 1390.21277427673 270.561903715134 0 0
"argentina" 0 0 0 -1.54689210467041 -2.36399238929152 -1.8773142946884 112.305030226707 0 172.01030254364 57.5209334492683 -6.64487294852734 -1.56607455573976 0 0 0 0 0 0
"bolivia" 0 0 0 0 0 0 -15.1159558445215 -21.6222070157528 -74.3129104375839 -182.645380496979 0 0 -256.315946578979 -1744.12095546722 -1053.71570587158 -384.693801403046 0 0
"brasil" 0 0 0 0 0 0 3763.93389701843 0 0 0 0 0 22721.5614318848 5138.05437088013 1027.20034122467 0 0 0
"colombia" 0 0 0 0 0 0 -111.552760004997 -2.56281672045588 0 0 0 0 -320.591956377029 -40.0997959077358 -3.00863245502114 0 0 0
"ghana" 0 0 0 0 0 0 0 0 0 0 0 0 39093.1739807129 40205.0971984863 435.030400753021 0 0 0
"ivorycoast" 0 0 0 0 0 0 0 0 0 0 0 0 22029.9320220947 936.183094978333 -592.675507068634 0 0 0
"indonesia" 0 0 0 0 0 0 0 0 0 0 0 0 2055.4084777832 29.14122864604 -14.2577048391104 0 0 0
"madagascar" 0 0 0 0 0 0 0 0 0 0 0 0 -666.277229785919 -41.5407158434391 -22.5831717252731 0 0 0
"malasya" 0 0 0 0 0 0 0 0 0 0 0 0 520.819783210754 0 0 0 0 0
"mozambique" 0 0 0 0 0 0 0 0 0 0 0 0 0 -1.44120678305626 -10.5230025947094 -3.5713454708457 0 0
"myanmar" 0 0 0 0 0 0 13.5902818292379 110.875606536865 0 0 0 0 0 304.734885692596 129.769250750542 0 0 0
"nigeria" 0 0 0 0 0 0 0 0 0 0 0 0 -297.381669282913 -2173.07758331299 -105.810984969139 0 0 0
"paraguay" 0 0 0 0 0 0 5.71215990930796 0 0 0 0 0 -206.780314445496 0 0 0 0 0
"peru" 0 0 0 0 0 0 321.043819189072 420.314311981201 193.954199552536 223.415523767471 537.983298301697 30.3782932460308 813.89319896698 106.606423854828 83.7369784712791 73.3466669917107 38.2192954421043 23.5269144177437
"uruguay" 0 0 0 0 0 0 0 0 0 0 0 0 0 0 0 0 0 0
"venezuela" 0 0 0 0 0 0 0 0 0 0 0 0 117.723375558853 144.242987036705 28.1012542545795 0 1.74480502028018 0
"newzealand" 0 0 -1.42849341500551 0 0 0 -142.711773514748 -59.4354160130024 0 0 0 0 0 0 0 0 0 0
"oceania" 0 0 0 0 0 0 -15.2182672172785 -53.1374141573906 -42.7039824426174 -3.98309854790568 0 0 0.370804686099291 8.49658902734518 -2.51698819920421 0 0 0
"china" 0 0 0 9.96141694486141 0 -0.599219347350299 103.442788124084 342.432200908661 203.551098704338 -25.6052017211914 -0.424736324930564 -0.179871334694326 5.22824749350548 1.4659222215414 0 0 0 0
"japan" 0 0 0 7.42459297180176 0 0 119.731038808823 164.490327239037 246.886163949966 16.8195143342018 0 0 0 0 0 0 0 0
"korea" 0 0 0 0 0 0 0 13.4918540716171 5.5718207731843 0 0 0 0 0 0 0 0 0
"india" 0 0 0 0 0 0 75.1278400421143 33.366322517395 25.9873010218143 44.5180460810661 12.5966239720583 0 0 210.063904523849 1363.21353912354 799.631237983704 46.2449342012405 0
"eastasia" 0 0 0 50.5944937467575 5.89819718152285 0 0 4.62956493720412 439.75430727005 37.9539057612419 0 0 20.0106129050255 0 0 0 0 0
"seasia" 0 0 0 0 0 0 13.0399223417044 6.9404598325491 0.0202226547116879 0 0 0 202.401727437973 93.2264924049377 50.1601621508598 0 0 0
"southasia" 0 0 0 0 0 0 0 7.42958299815655 70.7569792866707 0.0975603034021333 0.0155661891767522 0 53.2671958208084 216.493979096413 97.3081812262535 0 0 0
"us" 0 0 0 -0.237846601521596 -61.9375184178352 -6.2333457171917 2645.09296417236 2560.63389778137 1751.57868862152 -42.6849648356438 -294.996619224548 -65.9400671720505 0 0 0 0 0 0
"canada" 0 0 9.01342555880547 384.120583534241 111.614719033241 0 0 7.20802694559097 1429.8689365387 1198.04978370667 91.0947695374489 0 0 0 0 0 0 0
"mexico" 0 0 0 0 0 0 2.32061720453203 10.7986927032471 25.1305997371674 -103.156626224518 -38.3541136980057 -18.3570981025696 68.4224665164948 119.801186025143 34.0233966708183 -89.0866816043854 -10.4616452008486 0
"latinamer" 0 0.25373711832799 1.08234852086753 2.07538576796651 5.65438251942396 0.414428621297702 -18.5904800891876 -13.9216603711247 -1.98502698913217 -2.1140156313777 2.13411590084434 1.27088185399771 -170.895904302597 -86.4834487438202 -24.8685069382191 -2.9155274387449 -4.42458316683769 0
"eu27" 0 0 -3.76796652562916 -6876.92546844482 -100.842200219631 0 -2683.22277069092 -14714.5252227783 -56446.4073181152 -6461.40098571777 0 0 0 0 0 0 0 0
"uk" 0 0 25.190781801939 1.72259053215384 0 0 -3.00361355766654 -93.0210724473 -173.280626535416 0 0 0 0 0 0 0 0 0
"russia" 0 0 0 487.59937286377 342.575252056122 22.6346217095852 0 3.1936913728714 361.638695001602 1001.84834003448 134.286105632782 0 0 0 0 0 0 0
"efta" 0 0 4.31318581104279 37.0579585433006 64.2256736755371 0 0 0 147.140219807625 0 0 0 0 0 0 0 0 0
"mena" 0 0 0 0.051737944886554 -0.267153169261292 0 0 -10.961527004838 -590.903162956238 -611.167132854462 165.477305650711 1.5330258756876 0 0 0 0 0 0
"ssa" 0 0 0 0 0 0 0 -648.863196372986 -333.131015300751 -44.3025343120098 -1.69288949109614 0 -1929.04782295227 -2998.83270263672 -2261.04760169983 -290.101647377014 -12.2869499027729 0
"restofworld" 0 0 0.207176912226714 29.1494056582451 92.7213802933693 5.72412367910147 15.0937866419554 99.3571132421494 395.756661891937 471.479088068008 2.49333959072828 0 0 0 0 0 0 0
