"angdrc" 0 0 0 0 0 0 0 0 1447.0466375351 1311.93768978119 0 0 1439.13757801056 8126.81198120117 11260.085105896 2488.3029460907 0 0
"argentina" 0 0 0 224.443778395653 347.620487213135 260.434687137604 12804.1439056396 0 48090.633392334 14055.3026199341 5512.79401779175 340.896815061569 0 0 0 0 0 0
"bolivia" 0 0 0 0 0 0 4833.76169204712 49498.3558654785 125428.54309082 343323.181152344 0 0 58111.5112304688 905541.809082031 1383291.62597656 437764.221191406 0 0
"brasil" 0 0 0 0 0 0 751960.083007812 0 0 0 0 0 2147522.4609375 3387106.20117188 604992.797851562 0 0 0
"colombia" 0 0 0 0 0 0 214332.382202148 6423.5987663269 0 0 0 0 1063327.1484375 51979.7515869141 5094.74849700928 0 0 0
"ghana" 0 0 0 0 0 0 0 0 0 0 0 0 295886.840820312 248628.768920898 1025.26652812958 0 0 0
"ivorycoast" 0 0 0 0 0 0 0 0 0 0 0 0 742375.061035156 355054.138183594 37931.266784668 0 0 0
"indonesia" 0 0 0 0 0 0 0 0 0 0 0 0 1671.96714878082 -87.3201563954353 -294.323474168777 0 0 0
"madagascar" 0 0 0 0 0 0 0 0 0 0 0 0 15805.5810928345 930.667817592621 500.110864639282 0 0 0
"malasya" 0 0 0 0 0 0 0 0 0 0 0 0 4186.35129928589 0 0 0 0 0
"mozambique" 0 0 0 0 0 0 0 0 0 0 0 0 0 -326.477229595184 -1214.29634094238 -331.037521362305 0 0
"myanmar" 0 0 0 0 0 0 -82.1445733308792 -620.167672634125 0 0 0 0 0 -1774.84059333801 -671.364843845367 0 0 0
"nigeria" 0 0 0 0 0 0 0 0 0 0 0 0 4197.99995422363 26453.857421875 1692.26670265198 0 0 0
"paraguay" 0 0 0 0 0 0 112504.348754883 0 0 0 0 0 81877.2811889648 0 0 0 0 0
"peru" 0 0 0 0 0 0 39692.1997070312 -86493.8812255859 -40244.9607849121 -46066.8449401855 -110445.785522461 -6382.91168212891 237029.647827148 6784.93928909302 -5810.10437011719 -3821.2742805481 -8298.33793640137 -4858.28542709351
"uruguay" 0 0 0 0 0 0 0 0 0 0 0 0 0 0 0 0 0 0
"venezuela" 0 0 0 0 0 0 0 0 0 0 0 0 7659.22546386719 9452.78167724609 1837.59212493896 0 115.41024595499 0
"newzealand" 0 0 15.5753679573536 0 0 0 2117.22660064697 844.684362411499 0 0 0 0 0 0 0 0 0 0
"oceania" 0 0 0 0 0 0 1259.41002368927 2229.89654541016 1743.55459213257 159.471422433853 0 0 15.6442206352949 752.683997154236 106.993168592453 0 0 0
"china" 0 0 0 -3595.07083892822 0 -74.7743397951126 -22163.7344360352 -10266.0703659058 -8349.93457794189 -12619.647026062 -61.2241886556149 -21.9646245241165 -309.303492307663 -1016.91746711731 0 0 0 0
"japan" 0 0 0 34.6323996782303 0 0 566.499888896942 741.257727146149 1131.7435503006 77.450267970562 0 0 0 0 0 0 0 0
"korea" 0 0 0 0 0 0 0 121.755301952362 34.1532677412033 0 0 0 0 0 0 0 0 0
"india" 0 0 0 0 0 0 790.97318649292 365.38028717041 356.891602277756 380.360931158066 235.289305448532 0 0 2322.87359237671 12813.74168396 9942.20733642578 810.19514799118 0
"eastasia" 0 0 0 -677.743017673492 -176.431849598885 0 0 58.6350820958614 6114.00842666626 -335.477471351624 0 0 64.4145682454109 0 0 0 0 0
"seasia" 0 0 0 0 0 0 -144.846484065056 -26.7588254064322 0.626346853096038 0 0 0 897.04293012619 -1999.1272687912 1162.12129592896 0 0 0
"southasia" 0 0 0 0 0 0 0 92.0583009719849 794.042110443115 1.02621235419065 -0.434602523455396 0 478.583931922913 2384.80305671692 1150.90310573578 0 0 0
"us" 0 0 0 -8.26717168092728 -2225.35538673401 -224.111095070839 33187.0346069336 44619.3008422852 130786.605834961 4993.63422393799 -5742.3734664917 -2367.68865585327 0 0 0 0 0 0
"canada" 0 0 1946.14338874817 73414.1159057617 21906.4502716064 0 0 560.131132602692 132479.98046875 246464.67590332 50101.5701293945 0 0 0 0 0 0 0
"mexico" 0 0 0 0 0 0 71.5024322271347 271.053165197372 2010.72978973389 -685.356378555298 -396.009534597397 -277.778893709183 1345.88301181793 2614.33219909668 1801.8833398819 -149.81609582901 -107.73091763258 0
"latinamer" 0 84.3880027532578 621.326208114624 782.366991043091 1713.55199813843 100.870169699192 3480.47590255737 2520.97845077515 2335.95252037048 1521.24547958374 890.87188243866 330.025374889374 24721.6682434082 12875.0486373901 5466.08734130859 298.586428165436 193.426832556725 0
"eu27" 0 0 12.5138536095619 16126.7890930176 458.274811506271 0 7891.02029800415 46268.6309814453 173271.759033203 22382.8735351562 0 0 0 0 0 0 0 0
"uk" 0 0 -1353.27625274658 -120.224699378014 0 0 -425.107717514038 -5769.6533203125 -10070.3744888306 0 0 0 0 0 0 0 0 0
"russia" 0 0 0 18092.1611785889 4832.75699615479 312.118232250214 0 62.0974227786064 3882.51519203186 12449.4543075562 1948.29988479614 0 0 0 0 0 0 0
"efta" 0 0 12.4672055244446 251.850754022598 -224.045917391777 0 0 0 -136.561557650566 0 0 0 0 0 0 0 0 0
"mena" 0 0 0 4.22448851168156 34.4773754477501 0 0 532.181978225708 17641.5538787842 24413.8164520264 3771.60096168518 3.42517532408237 0 0 0 0 0 0
"ssa" 0 0 0 0 0 0 0 11145.0786590576 6146.94404602051 666.384994983673 22.4766135215759 0 33553.2569885254 55775.7682800293 47651.6189575195 5057.77502059937 189.75767493248 0
"restofworld" 0 0 3.45893506892025 119.04238909483 478.015601634979 18.2224661111832 325.429081916809 1534.82341766357 38445.9495544434 8153.96595001221 12.3548684641719 0 0 0 0 0 0 0
