"angdrc" 0 0 0 0 0 0 0 0 1908.41460227966 1713.28413486481 0 0 2297.81985282898 11373.5475540161 14813.3935928345 3235.018491745 0 0
"argentina" 0 0 0 224.288016557693 347.185432910919 260.437160730362 12883.2445144653 0 48551.5251159668 14212.3384475708 5408.69808197021 340.902775526047 0 0 0 0 0 0
"bolivia" 0 0 0 0 0 0 4878.66926193237 49467.9908752441 125344.177246094 343015.014648438 0 0 58112.5335693359 905572.021484375 1382276.48925781 437813.385009766 0 0
"brasil" 0 0 0 0 0 0 755745.300292969 0 0 0 0 0 2152800.29296875 3398979.73632812 607860.290527344 0 0 0
"colombia" 0 0 0 0 0 0 214295.043945312 6421.45538330078 0 0 0 0 1062020.14160156 51979.7325134277 5094.23542022705 0 0 0
"ghana" 0 0 0 0 0 0 0 0 0 0 0 0 295865.753173828 248613.998413086 1024.75476264954 0 0 0
"ivorycoast" 0 0 0 0 0 0 0 0 0 0 0 0 741490.600585938 354713.531494141 37865.2954101562 0 0 0
"indonesia" 0 0 0 0 0 0 0 0 0 0 0 0 5138.57698440552 -53.0944913625717 -352.728694677353 0 0 0
"madagascar" 0 0 0 0 0 0 0 0 0 0 0 0 35074.5277404785 2168.24960708618 1173.21956157684 0 0 0
"malasya" 0 0 0 0 0 0 0 0 0 0 0 0 6190.08302688599 0 0 0 0 0
"mozambique" 0 0 0 0 0 0 0 0 0 0 0 0 0 715.2059674263 946.219801902771 284.611076116562 0 0
"myanmar" 0 0 0 0 0 0 -22.6849559694529 -109.319232404232 0 0 0 0 0 -388.219326734543 -80.4006904363632 0 0 0
"nigeria" 0 0 0 0 0 0 0 0 0 0 0 0 6850.96740722656 43440.8874511719 2760.34879684448 0 0 0
"paraguay" 0 0 0 0 0 0 112485.740661621 0 0 0 0 0 81702.1026611328 0 0 0 0 0
"peru" 0 0 0 0 0 0 2646.12746238708 3516.41511917114 1602.07831859589 1856.1053276062 4541.52154922485 250.538915395737 8441.43009185791 885.578989982605 678.557217121124 595.232129096985 321.642309427261 195.891603827477
"uruguay" 0 0 0 0 0 0 0 0 0 0 0 0 0 0 0 0 0 0
"venezuela" 0 0 0 0 0 0 0 0 0 0 0 0 7801.55515670776 9614.39228057861 1870.60749530792 0 117.075748741627 0
"newzealand" 0 0 7.20029231160879 0 0 0 450.6496489048 205.173537135124 0 0 0 0 0 0 0 0 0 0
"oceania" 0 0 0 0 0 0 472.216695547104 997.953176498413 789.807260036469 71.6472417116165 0 0 2.0638843998313 155.924022197723 45.4141013324261 0 0 0
"china" 0 0 0 -2054.73470687866 0 -58.9675158262253 -11884.3259811401 -187.864601612091 -988.239943981171 -8339.62440490723 -47.1227914094925 -17.4644757062197 -75.3747746348381 -607.420206069946 0 0 0 0
"japan" 0 0 0 -88.8362526893616 0 0 -1489.59743976593 -2012.34126091003 -2992.07282066345 -201.992407441139 0 0 0 0 0 0 0 0
"korea" 0 0 0 0 0 0 0 418.947160243988 155.292883515358 0 0 0 0 0 0 0 0 0
"india" 0 0 0 0 0 0 1665.95447063446 760.584652423859 648.694813251495 926.878690719604 411.054015159607 0 0 4732.62453079224 27607.0919036865 18261.0092163086 1214.68818187714 0
"eastasia" 0 0 0 -295.527815818787 -168.799892067909 0 0 173.481747508049 15482.4495315552 95.2804312109947 0 0 421.712011098862 0 0 0 0 0
"seasia" 0 0 0 0 0 0 746.351420879364 318.663567304611 3.16698686219752 0 0 0 10987.8387451172 6141.9153213501 7666.17631912231 0 0 0
"southasia" 0 0 0 0 0 0 0 145.690888166428 1347.93424606323 1.64915365166962 -0.491846119984984 0 806.03414773941 4192.73138046265 2001.95646286011 0 0 0
"us" 0 0 0 -9.64214280247688 -2643.77593994141 -252.806812524796 13202.9914855957 21157.2113037109 87744.4915771484 -154.558256268501 -12427.020072937 -2726.04918479919 0 0 0 0 0 0
"canada" 0 0 1283.21087360382 48747.3907470703 14424.2582321167 0 0 331.273436546326 85022.6745605469 161800.109863281 31317.8234100342 0 0 0 0 0 0 0
"mexico" 0 0 0 0 0 0 -14.7628672420979 -58.1012517213821 18.7936797738075 381.959319114685 114.235013723373 55.093914270401 -360.130161046982 -274.070620536804 312.468528747559 263.592600822449 30.3510222584009 0
"latinamer" 0 205.670639872551 1518.29135417938 1905.50351142883 4169.55614089966 245.657339692116 8710.49404144287 6508.59546661377 5835.88790893555 3793.74384880066 2184.98039245605 805.845975875854 63753.3988952637 33852.9052734375 14590.6066894531 772.881031036377 504.578590393066 0
"eu27" 0 0 0.967736355960369 -1085.6055021286 83.7882533669472 0 321.359753608704 2763.6547088623 6830.87348937988 2420.80497741699 0 0 0 0 0 0 0 0
"uk" 0 0 -287.35163807869 -23.7622912973166 0 0 -54.6796061098576 -547.364771366119 -929.42750453949 0 0 0 0 0 0 0 0 0
"russia" 0 0 0 36580.4710388184 10297.5454330444 671.505928039551 0 130.417972803116 8560.41431427002 26883.2759857178 4077.63195037842 0 0 0 0 0 0 0
"efta" 0 0 -49.7085079550743 -520.922541618347 -177.279829978943 0 0 0 -736.624598503113 0 0 0 0 0 0 0 0 0
"mena" 0 0 0 7.67026841640472 59.0580105781555 0 0 858.684182167053 27251.5926361084 39759.5596313477 7407.53698348999 13.0566265434027 0 0 0 0 0 0
"ssa" 0 0 0 0 0 0 0 19994.3752288818 11808.4325790405 1636.73341274261 65.5849650502205 0 66657.9666137695 105805.397033691 91716.7434692383 11936.9707107544 474.688768386841 0
"restofworld" 0 0 7.39391334354877 385.232508182526 1408.79821777344 66.547729074955 688.842117786407 3327.30770111084 72287.6052856445 17256.7005157471 36.7389172315598 0 0 0 0 0 0 0
