"angdrc" 0 0 0 0 0 0 0 0 2038.00630569458 1843.38331222534 0 0 2119.9746131897 11598.3200073242 15875.9384155273 3499.93419647217 0 0
"argentina" 0 0 0 56.2168061733246 86.7559015750885 65.8277198672295 4528.90300750732 0 6406.02207183838 3918.38717460632 996.553719043732 84.279328584671 0 0 0 0 0 0
"bolivia" 0 0 0 0 0 0 -109.954953193665 -235.017672181129 -629.175901412964 -1404.12724018097 0 0 -2083.49847793579 -11022.047996521 -6888.67664337158 -2784.43384170532 0 0
"brasil" 0 0 0 0 0 0 531453.002929688 0 0 0 0 0 3731891.11328125 3958769.28710938 747926.086425781 0 0 0
"colombia" 0 0 0 0 0 0 202559.555053711 6062.73031234741 0 0 0 0 1153916.38183594 40028.9840698242 4915.92502593994 0 0 0
"ghana" 0 0 0 0 0 0 0 0 0 0 0 0 273463.256835938 50765.7318115234 564.831078052521 0 0 0
"ivorycoast" 0 0 0 0 0 0 0 0 0 0 0 0 689483.337402344 248988.189697266 66501.4572143555 0 0 0
"indonesia" 0 0 0 0 0 0 0 0 0 0 0 0 355.296432971954 -85.7191830873489 -304.077804088593 0 0 0
"madagascar" 0 0 0 0 0 0 0 0 0 0 0 0 33516.8075561523 2076.62200927734 1124.34303760529 0 0 0
"malasya" 0 0 0 0 0 0 0 0 0 0 0 0 1931.48529529572 0 0 0 0 0
"mozambique" 0 0 0 0 0 0 0 0 0 0 0 0 0 906.824052333832 1450.38878917694 427.826404571533 0 0
"myanmar" 0 0 0 0 0 0 -19.0753024071455 -81.6614180803299 0 0 0 0 0 -319.770932197571 -64.1163662075996 0 0 0
"nigeria" 0 0 0 0 0 0 0 0 0 0 0 0 77.4431452155113 -17.1538591384888 35.1964235305786 0 0 0
"paraguay" 0 0 0 0 0 0 100966.590881348 0 0 0 0 0 84889.3356323242 0 0 0 0 0
"peru" 0 0 0 0 0 0 -20562.3741149902 -26256.217956543 -12282.7215194702 -14136.0569000244 -33832.8094482422 -1959.86652374268 56609.1003417969 5427.53076553345 1444.03386116028 -5195.38402557373 -2450.59561729431 -1488.43336105347
"uruguay" 0 0 0 0 0 0 0 0 0 0 0 0 0 0 0 0 0 0
"venezuela" 0 0 0 0 0 0 0 0 0 0 0 0 8785.32123565674 10852.6477813721 2108.64734649658 0 132.625922560692 0
"newzealand" 0 0 8.64265393465757 0 0 0 314.342588186264 166.57429933548 0 0 0 0 0 0 0 0 0 0
"oceania" 0 0 0 0 0 0 63.128337264061 258.427441120148 246.198415756226 19.6869503706694 0 0 -2.44139367714524 -66.9369772076607 9.74809937179089 0 0 0
"china" 0 0 0 -1127.06959247589 0 -41.2680134177208 -6476.04560852051 2565.35720825195 1167.03605651855 -5334.6152305603 -32.4515365064144 -12.2549124062061 -1.03565771132708 -358.473211526871 0 0 0 0
"japan" 0 0 0 -92.6613435149193 0 0 -1549.02040958405 -2089.00928497314 -3116.60742759705 -210.417747497559 0 0 0 0 0 0 0 0
"korea" 0 0 0 0 0 0 0 -669.368147850037 -282.911896705627 0 0 0 0 0 0 0 0 0
"india" 0 0 0 0 0 0 1417.4712896347 655.983567237854 555.767178535461 784.929811954498 341.505914926529 0 0 3973.03295135498 23226.4003753662 15239.6116256714 1009.56618785858 0
"eastasia" 0 0 0 -200.357332825661 -137.290611863136 0 0 146.879017353058 13019.2899703979 78.1677961349487 0 0 380.269527435303 0 0 0 0 0
"seasia" 0 0 0 0 0 0 773.316204547882 321.888029575348 3.14798299223185 0 0 0 10435.7490539551 6584.4349861145 7653.05137634277 0 0 0
"southasia" 0 0 0 0 0 0 0 121.775418519974 1132.26890563965 1.40648405067623 -0.300842017168179 0 676.256835460663 3506.22749328613 1669.08812522888 0 0 0
"us" 0 0 0 -9.0832095593214 -2527.20928192139 -234.889313578606 668.948769569397 5668.65873336792 48295.6848144531 -2937.64305114746 -14928.9865493774 -2577.89325714111 0 0 0 0 0 0
"canada" 0 0 733.420133590698 28449.0947723389 8299.39270019531 0 0 158.822759985924 46984.5809936523 94658.8439941406 16637.3519897461 0 0 0 0 0 0 0
"mexico" 0 0 0 0 0 0 -51.2648448348045 -199.13013279438 -1071.5217590332 -79.1673436760902 60.0796826183796 71.9568580389023 -940.281391143799 -1433.68709087372 -772.283732891083 -410.143464803696 20.1822966337204 0
"latinamer" 0 191.035553812981 1407.86993503571 1768.42546463013 3872.44296073914 228.43374311924 7946.43402099609 5937.75796890259 5380.90372085571 3497.53761291504 2025.94184875488 748.86155128479 57889.8391723633 30857.2330474854 13319.4522857666 702.677607536316 449.391722679138 0
"eu27" 0 0 -2.48901965096593 -5767.61722564697 -5.57362847030163 0 -1438.83073329926 -9066.13445281982 -39984.4665527344 -3432.04617500305 0 0 0 0 0 0 0 0
"uk" 0 0 -285.753548145294 -24.590902030468 0 0 -73.2110515236855 -894.622027873993 -1551.06663703918 0 0 0 0 0 0 0 0 0
"russia" 0 0 0 38805.9501647949 11597.1584320068 782.474398612976 0 142.599433660507 9777.04429626465 30414.1387939453 4566.88404083252 0 0 0 0 0 0 0
"efta" 0 0 -61.2043030560017 -643.311560153961 -138.311386108398 0 0 0 -753.077030181885 0 0 0 0 0 0 0 0 0
"mena" 0 0 0 7.29410815984011 54.420743137598 0 0 745.652318000793 23148.5080718994 34926.830291748 7406.83269500732 16.9196650385857 0 0 0 0 0 0
"ssa" 0 0 0 0 0 0 0 18890.9034729004 11294.9075698853 1622.46263027191 66.3116946816444 0 64350.3646850586 100872.30682373 87859.2224121094 11795.3500747681 471.468359231949 0
"restofworld" 0 0 6.9780102930963 377.764225006104 1363.63983154297 66.0314112901688 635.795831680298 3084.49125289917 65641.5710449219 15933.8407516479 35.6763526797295 0 0 0 0 0 0 0
