"angdrc" 0 0 0 0 0 0 0 0 624.682247638702 549.938261508942 0 0 1068.07708740234 4230.33094406128 4823.45581054688 1028.51831912994 0 0
"argentina" 0 0 0 18.8485532999039 29.0494225919247 22.1499856561422 316.598504781723 0 184.593796730042 295.095831155777 268.427133560181 27.7567692101002 0 0 0 0 0 0
"bolivia" 0 0 0 0 0 0 -17.1307679265738 -20.3356742858887 -72.3159313201904 -171.866416931152 0 0 -271.201759576797 -1934.41092967987 -902.693629264832 -288.828939199448 0 0
"brasil" 0 0 0 0 0 0 10817.0833587646 0 0 0 0 0 60118.5302734375 27646.5167999268 4644.87266540527 0 0 0
"colombia" 0 0 0 0 0 0 211636.917114258 6338.57440948486 0 0 0 0 1050347.53417969 50971.8475341797 5034.41858291626 0 0 0
"ghana" 0 0 0 0 0 0 0 0 0 0 0 0 295887.756347656 248637.634277344 1025.57897567749 0 0 0
"ivorycoast" 0 0 0 0 0 0 0 0 0 0 0 0 743221.313476562 355119.049072266 37940.2351379395 0 0 0
"indonesia" 0 0 0 0 0 0 0 0 0 0 0 0 2210.04343032837 89.8708626627922 194.351986050606 0 0 0
"madagascar" 0 0 0 0 0 0 0 0 0 0 0 0 25625.2117156982 1642.79985427856 895.595967769623 0 0 0
"malasya" 0 0 0 0 0 0 0 0 0 0 0 0 -594.794571399689 0 0 0 0 0
"mozambique" 0 0 0 0 0 0 0 0 0 0 0 0 0 2460.96038818359 5127.2554397583 1479.64978218079 0 0
"myanmar" 0 0 0 0 0 0 74.2235332727432 624.213218688965 0 0 0 0 0 1762.71486282349 696.769237518311 0 0 0
"nigeria" 0 0 0 0 0 0 0 0 0 0 0 0 3882.91096687317 25256.2866210938 1504.95827198029 0 0 0
"paraguay" 0 0 0 0 0 0 179.080203175545 0 0 0 0 0 -15.8635098487139 0 0 0 0 0
"peru" 0 0 0 0 0 0 2561.25736236572 3378.35621833801 1547.28877544403 1790.72499275208 4362.48588562012 242.906481027603 7403.89585494995 825.506567955017 653.676509857178 572.29083776474 309.891104698181 189.233615994453
"uruguay" 0 0 0 0 0 0 0 0 0 0 0 0 0 0 0 0 0 0
"venezuela" 0 0 0 0 0 0 0 0 0 0 0 0 1070.46782970428 1307.74247646332 255.184203386307 0 15.7385040074587 0
"newzealand" 0 0 22.3600827157497 0 0 0 3711.34948730469 1446.9188451767 0 0 0 0 0 0 0 0 0 0
"oceania" 0 0 0 0 0 0 2143.7816619873 3765.73634147644 2804.05592918396 260.61674952507 0 0 27.235634624958 1275.26414394379 180.703192949295 0 0 0
"china" 0 0 0 -2832.7260017395 0 -26.6244895756245 -17255.2757263184 -17717.004776001 -13487.8759384155 -7451.13897323608 -23.909529671073 -7.76709616184235 -380.966901779175 -671.759784221649 0 0 0 0
"japan" 0 0 0 -129.697233438492 0 0 -2153.08904647827 -2892.69638061523 -4358.32118988037 -294.275045394897 0 0 0 0 0 0 0 0
"korea" 0 0 0 0 0 0 0 -796.467304229736 -314.985722303391 0 0 0 0 0 0 0 0 0
"india" 0 0 0 0 0 0 1109.17484760284 530.704736709595 454.463958740234 648.358821868896 255.525290966034 0 0 2977.8037071228 19467.6818847656 12427.0076751709 955.547690391541 0
"eastasia" 0 0 0 684.263408184052 39.0063039958477 0 0 189.881682395935 14652.5831222534 804.178833961487 0 0 551.298379898071 0 0 0 0 0
"seasia" 0 0 0 0 0 0 1520.61057090759 579.644560813904 3.84425302036107 0 0 0 16729.2404174805 13785.0389480591 9907.88555145264 0 0 0
"southasia" 0 0 0 0 0 0 0 94.8540195822716 963.512539863586 1.20444188360125 -0.0163344411703292 0 442.980706691742 2997.56050109863 1432.58583545685 0 0 0
"us" 0 0 0 3.0244158115238 789.527416229248 87.38112449646 -35403.9115905762 -37280.1895141602 -64097.9385375977 -4139.56117630005 109.646961092949 891.667425632477 0 0 0 0 0 0
"canada" 0 0 -956.32928609848 -37436.5615844727 -11385.7898712158 0 0 -301.317721605301 -69370.2011108398 -121110.404968262 -22096.8208312988 0 0 0 0 0 0 0
"mexico" 0 0 0 0 0 0 249.085247516632 936.381876468658 6023.25820922852 1374.24778938293 -23.6416812986135 -262.334823608398 4221.15421295166 7358.77704620361 5659.13534164429 3216.56560897827 -31.2729328870773 0
"latinamer" 0 127.965569496155 949.108362197876 1182.72531032562 2579.67758178711 151.897445321083 5536.07320785522 4169.35873031616 3683.18867683411 2398.7443447113 1360.06295681 498.510777950287 41094.7189331055 21899.055480957 9376.33514404297 505.324304103851 342.743963003159 0
"eu27" 0 0 -15.0031838566065 -23969.8638916016 -414.77382183075 0 -9166.72515869141 -54612.6365661621 -217147.338867188 -24890.4800415039 0 0 0 0 0 0 0 0
"uk" 0 0 -21.4825235307217 -5.00171398743987 0 0 -69.6496069431305 -1237.85841464996 -2222.23591804504 0 0 0 0 0 0 0 0 0
"russia" 0 0 0 26945.7511901855 8166.08810424805 539.482474327087 0 99.9007746577263 7015.41709899902 21547.721862793 3173.2497215271 0 0 0 0 0 0 0
"efta" 0 0 -71.2160840630531 -882.189989089966 99.2297753691673 0 0 0 -578.458428382874 0 0 0 0 0 0 0 0 0
"mena" 0 0 0 5.03944093361497 36.0623449087143 0 0 446.626782417297 13145.9789276123 21304.7962188721 5333.89806747437 15.1953799650073 0 0 0 0 0 0
"ssa" 0 0 0 0 0 0 0 15180.0918579102 9985.17894744873 1703.55272293091 75.8132264018059 0 57865.2191162109 86988.7771606445 79634.3841552734 12273.3449935913 500.723540782928 0
"restofworld" 0 0 6.81515177711844 437.131881713867 1532.31775760651 79.3353840708733 605.862259864807 2962.58544921875 57449.2073059082 15196.1965560913 40.2427278459072 0 0 0 0 0 0 0
