"angdrc" 0 0 0 0 0 0 0 0 2090.59882164001 1893.41104030609 0 0 2192.72971153259 11920.5389022827 16288.179397583 3596.13275527954 0 0
"argentina" 0 0 0 85.9619602560997 132.575288414955 100.931860506535 4822.37911224365 0 6373.56042861938 4203.19890975952 1379.85742092133 126.841560006142 0 0 0 0 0 0
"bolivia" 0 0 0 0 0 0 -55.7341165840626 -104.092188179493 -295.490890741348 -675.23181438446 0 0 -1009.87911224365 -5791.03183746338 -3339.30850028992 -1289.87157344818 0 0
"brasil" 0 0 0 0 0 0 747861.511230469 0 0 0 0 0 2160560.546875 3413204.83398438 606855.102539062 0 0 0
"colombia" 0 0 0 0 0 0 213502.899169922 6396.5311050415 0 0 0 0 1059796.14257812 51787.6510620117 5076.61914825439 0 0 0
"ghana" 0 0 0 0 0 0 0 0 0 0 0 0 295943.603515625 248667.449951172 1024.76608753204 0 0 0
"ivorycoast" 0 0 0 0 0 0 0 0 0 0 0 0 79217.9718017578 12671.2579727173 -873.431265354156 0 0 0
"indonesia" 0 0 0 0 0 0 0 0 0 0 0 0 1293.52617263794 -57.914461940527 -268.021106719971 0 0 0
"madagascar" 0 0 0 0 0 0 0 0 0 0 0 0 33803.0052185059 2115.11659622192 1147.06027507782 0 0 0
"malasya" 0 0 0 0 0 0 0 0 0 0 0 0 2286.38434410095 0 0 0 0 0
"mozambique" 0 0 0 0 0 0 0 0 0 0 0 0 0 2808.11953544617 5549.65257644653 1614.31932449341 0 0
"myanmar" 0 0 0 0 0 0 71.3687539100647 647.067189216614 0 0 0 0 0 1782.77587890625 765.643894672394 0 0 0
"nigeria" 0 0 0 0 0 0 0 0 0 0 0 0 6208.38451385498 39462.3908996582 2483.71839523315 0 0 0
"paraguay" 0 0 0 0 0 0 1623.12519550323 0 0 0 0 0 1672.84607887268 0 0 0 0 0
"peru" 0 0 0 0 0 0 2696.36583328247 3582.64136314392 1632.82132148743 1891.34991168976 4624.43065643311 255.221098661423 8542.51194000244 909.624457359314 693.794429302216 608.490228652954 328.195601701736 199.550375342369
"uruguay" 0 0 0 0 0 0 0 0 0 0 0 0 0 0 0 0 0 0
"venezuela" 0 0 0 0 0 0 0 0 0 0 0 0 8026.24607086182 9910.56728363037 1925.21500587463 0 121.074959635735 0
"newzealand" 0 0 8.14212206751108 0 0 0 232.470571994781 134.536594152451 0 0 0 0 0 0 0 0 0 0
"oceania" 0 0 0 0 0 0 -201.299637556076 -238.608926534653 -148.121237754822 -15.1029350236058 0 0 -4.68422938138247 -184.138968586922 -10.1164961233735 0 0 0
"china" 0 0 0 -2730.48520088196 0 -45.2460199594498 -18359.3063354492 -13295.6161499023 -10206.337928772 -9078.72867584229 -37.4031588435173 -13.2653256878257 -341.930389404297 -784.655213356018 0 0 0 0
"japan" 0 0 0 -58.8964931666851 0 0 -984.037637710571 -1323.75979423523 -1973.99234771729 -133.540421724319 0 0 0 0 0 0 0 0
"korea" 0 0 0 0 0 0 0 -426.993608474731 -179.282858967781 0 0 0 0 0 0 0 0 0
"india" 0 0 0 0 0 0 1878.89134883881 905.750036239624 835.496187210083 1064.76187705994 472.326636314392 0 0 5101.0308265686 32530.9448242188 21955.2898406982 1777.21381187439 0
"eastasia" 0 0 0 280.08496761322 -83.9287415146828 0 0 254.251092672348 20388.8816833496 617.790818214417 0 0 674.373030662537 0 0 0 0 0
"seasia" 0 0 0 0 0 0 1636.22951507568 648.853123188019 4.68523520976305 0 0 0 19764.8754119873 14337.0332717896 11858.362197876 0 0 0
"southasia" 0 0 0 0 0 0 0 159.020930528641 1499.38750267029 1.93629739806056 -0.213408144190907 0 811.393260955811 4603.10173034668 2190.88959693909 0 0 0
"us" 0 0 0 -5.52144646644592 -1549.62623119354 -142.067521810532 -6677.27184295654 -1435.00328063965 32660.9153747559 -1967.85497665405 -9485.89897155762 -1579.28550243378 0 0 0 0 0 0
"canada" 0 0 448.749303817749 17525.972366333 5106.84823989868 0 0 103.655204176903 27011.8675231934 58790.8706665039 10242.2342300415 0 0 0 0 0 0 0
"mexico" 0 0 0 0 0 0 -42.6686480641365 -172.66371846199 -766.799032688141 515.599966049194 224.767073988914 143.119484186172 -914.000988006592 -1429.11946773529 -550.878405570984 233.048766851425 63.0064904689789 0
"latinamer" 0 211.015552282333 1554.9830198288 1952.88968086243 4276.82733535767 252.401351928711 8740.89050292969 6477.13851928711 5925.78840255737 3862.80941963196 2238.85726928711 827.630519866943 62676.5060424805 33586.3647460938 14348.50025177 771.943390369415 489.02103304863 0
"eu27" 0 0 -4.75838501006365 -10082.911491394 -63.3401349186897 0 -3041.4035320282 -18768.3925628662 -79523.1323242188 -7702.23045349121 0 0 0 0 0 0 0 0
"uk" 0 0 -183.740809559822 -16.4671931415796 0 0 -60.9331093728542 -821.615040302277 -1442.13330745697 0 0 0 0 0 0 0 0 0
"russia" 0 0 0 41448.9364624023 12837.7256393433 861.079812049866 0 155.560374259949 11034.722328186 33923.885345459 5028.55348587036 0 0 0 0 0 0 0
"efta" 0 0 -54.506953805685 -599.729895591736 -63.4604245424271 0 0 0 -596.927762031555 0 0 0 0 0 0 0 0 0
"mena" 0 0 0 7.46658630669117 54.942611604929 0 0 735.930323600769 22538.6734008789 34631.5765380859 7697.55411148071 18.9430210739374 0 0 0 0 0 0
"ssa" 0 0 0 0 0 0 0 21248.8040924072 13345.6325531006 2028.59711647034 85.6161490082741 0 75185.791015625 117099.143981934 106039.131164551 14920.1068878174 593.173146247864 0
"restofworld" 0 0 8.04664846509695 465.999007225037 1668.24507713318 82.9323828220367 731.262385845184 3549.28088188171 73438.4765625 18381.6680908203 43.7093377113342 0 0 0 0 0 0 0
