"angdrc" 0 0 0 0 0 0 0 0 2010.8790397644 1811.93172931671 0 0 2306.87069892883 11791.6231155396 15640.438079834 3431.65588378906 0 0
"argentina" 0 0 0 46.960610896349 72.5163221359253 54.8510998487473 4391.79420471191 0 6332.63158798218 3788.48552703857 884.012997150421 71.893684566021 0 0 0 0 0 0
"bolivia" 0 0 0 0 0 0 -91.2796184420586 -188.946977257729 -512.853145599365 -1152.39977836609 0 0 -1711.465716362 -9235.30197143555 -5659.59405899048 -2265.38920402527 0 0
"brasil" 0 0 0 0 0 0 752494.506835938 0 0 0 0 0 2156349.12109375 3405557.6171875 607541.381835938 0 0 0
"colombia" 0 0 0 0 0 0 214404.067993164 6424.82614517212 0 0 0 0 1063256.59179688 52062.9425048828 5096.75931930542 0 0 0
"ghana" 0 0 0 0 0 0 0 0 0 0 0 0 295873.138427734 248622.421264648 1025.02000331879 0 0 0
"ivorycoast" 0 0 0 0 0 0 0 0 0 0 0 0 743091.430664062 354986.877441406 37918.5104370117 0 0 0
"indonesia" 0 0 0 0 0 0 0 0 0 0 0 0 1205.89780807495 -67.5099715590477 -290.161192417145 0 0 0
"madagascar" 0 0 0 0 0 0 0 0 0 0 0 0 35685.7032775879 2227.46324539185 1207.21411705017 0 0 0
"malasya" 0 0 0 0 0 0 0 0 0 0 0 0 2319.77581977844 0 0 0 0 0
"mozambique" 0 0 0 0 0 0 0 0 0 0 0 0 0 2525.98071098328 4883.38851928711 1426.95415019989 0 0
"myanmar" 0 0 0 0 0 0 37.5070609152317 384.028285741806 0 0 0 0 0 1032.77087211609 450.864166021347 0 0 0
"nigeria" 0 0 0 0 0 0 0 0 0 0 0 0 6418.34306716919 41016.6130065918 2556.65946006775 0 0 0
"paraguay" 0 0 0 0 0 0 112233.978271484 0 0 0 0 0 81950.6530761719 0 0 0 0 0
"peru" 0 0 0 0 0 0 2751.69968605042 3660.04824638367 1667.07324981689 1930.94885349274 4722.40781784058 260.350942611694 8817.12913513184 937.514305114746 709.880650043488 622.802674770355 335.040867328644 203.646913170815
"uruguay" 0 0 0 0 0 0 0 0 0 0 0 0 0 0 0 0 0 0
"venezuela" 0 0 0 0 0 0 0 0 0 0 0 0 7988.24501037598 9860.84079742432 1916.0567522049 0 120.406813919544 0
"newzealand" 0 0 7.86624010652304 0 0 0 287.580996751785 152.143374085426 0 0 0 0 0 0 0 0 0 0
"oceania" 0 0 0 0 0 0 -108.583211898804 -92.6226228475571 -25.7064998149872 -3.58858611434698 0 0 -3.18767130374908 -117.159701883793 -2.9586658347398 0 0 0
"china" 0 0 0 -3242.2890663147 0 -54.6531565487385 -21371.5534210205 -14895.3981399536 -11542.7951812744 -10742.2351837158 -45.2088564634323 -16.0198826342821 -387.122392654419 -918.921530246735 0 0 0 0
"japan" 0 0 0 -53.4244887530804 0 0 -895.443379878998 -1205.81698417664 -1792.48130321503 -121.217474341393 0 0 0 0 0 0 0 0
"korea" 0 0 0 0 0 0 0 -412.080138921738 -173.479542136192 0 0 0 0 0 0 0 0 0
"india" 0 0 0 0 0 0 1821.77019119263 880.275726318359 813.517332077026 1013.15975189209 469.009548425674 0 0 4979.36677932739 31362.8578186035 21498.2147216797 1763.38732242584 0
"eastasia" 0 0 0 164.785265922546 -115.045249462128 0 0 264.575928449631 21483.7665557861 555.123686790466 0 0 691.633880138397 0 0 0 0 0
"seasia" 0 0 0 0 0 0 1575.18756389618 626.607894897461 4.67815157026052 0 0 0 19266.9200897217 13744.9798583984 11788.254737854 0 0 0
"southasia" 0 0 0 0 0 0 0 157.026320695877 1469.4938659668 1.88310258090496 -0.279647298157215 0 811.983227729797 4524.39403533936 2153.59377861023 0 0 0
"us" 0 0 0 -6.80917128920555 -1891.02840423584 -176.339253783226 -1942.92163848877 4371.41084671021 43151.0620117188 -1861.1513376236 -10858.8895797729 -1958.17697048187 0 0 0 0 0 0
"canada" 0 0 658.124327659607 25550.9433746338 7515.68794250488 0 0 151.242837309837 40974.0295410156 84986.6104125977 15516.9372558594 0 0 0 0 0 0 0
"mexico" 0 0 0 0 0 0 -33.9197963476181 -134.917005896568 -623.703837394714 25.5302861332893 49.9811358749866 52.1505661308765 -650.077819824219 -949.013710021973 -408.547013998032 -182.946979999542 17.850773409009 0
"latinamer" 0 214.197367429733 1580.07144927979 1983.17861557007 4341.04108810425 256.003707647324 8985.33153533936 6718.37949752808 6061.40422821045 3942.65532493591 2274.92308616638 839.747130870819 65481.071472168 34973.2704162598 15055.3560256958 798.491358757019 514.181435108185 0
"eu27" 0 0 -1.81047338992357 -4949.6636390686 15.8914364874363 0 -1049.7510433197 -7412.76741027832 -35514.0571594238 -2608.21580886841 0 0 0 0 0 0 0 0
"uk" 0 0 -233.745813369751 -20.0391504913568 0 0 -58.3362244069576 -702.330231666565 -1218.40119361877 0 0 0 0 0 0 0 0 0
"russia" 0 0 0 41047.0390319824 12344.2077636719 822.826266288757 0 151.706174015999 10500.0686645508 32501.4381408691 4853.33061218262 0 0 0 0 0 0 0
"efta" 0 0 -52.7532696723938 -557.361245155334 -112.167313694954 0 0 0 -640.141725540161 0 0 0 0 0 0 0 0 0
"mena" 0 0 0 7.58687686175108 56.6526651382446 0 0 776.20792388916 24142.9901123047 36494.800567627 7675.38213729858 17.297400161624 0 0 0 0 0 0
"ssa" 0 0 0 0 0 0 0 21985.5327606201 13687.9653930664 2049.40009117126 85.8278423547745 0 76848.503112793 120176.986694336 108326.187133789 15059.3299865723 598.402261734009 0
"restofworld" 0 0 8.02265387028456 445.871621370316 1609.42089557648 78.6691457033157 736.027419567108 3554.65722084045 75319.1528320312 18434.2021942139 42.1125255525112 0 0 0 0 0 0 0
