"angdrc" 0 0 0 0 0 0 0 0 2108.27326774597 1921.68712615967 0 0 1873.15475940704 11473.9379882812 16465.0897979736 3663.79714012146 0 0
"argentina" 0 0 0 110.726162791252 170.547023415565 130.316063761711 4989.81237411499 0 6010.39981842041 4278.12480926514 1649.21343326569 160.473957657814 0 0 0 0 0 0
"bolivia" 0 0 0 0 0 0 -61.5894198417664 -129.476547241211 -348.77222776413 -786.211013793945 0 0 -1157.67776966095 -6185.89925765991 -3807.00707435608 -1539.50154781342 0 0
"brasil" 0 0 0 0 0 0 524911.1328125 0 0 0 0 0 3723147.4609375 3942669.921875 743034.484863281 0 0 0
"colombia" 0 0 0 0 0 0 203779.541015625 6100.78430175781 0 0 0 0 1159910.76660156 40460.9260559082 4943.97020339966 0 0 0
"ghana" 0 0 0 0 0 0 0 0 0 0 0 0 273496.58203125 50757.1678161621 564.12398815155 0 0 0
"ivorycoast" 0 0 0 0 0 0 0 0 0 0 0 0 46263.4048461914 3832.35025405884 -999.240398406982 0 0 0
"indonesia" 0 0 0 0 0 0 0 0 0 0 0 0 64.4145086407661 -86.5058153867722 -294.021099805832 0 0 0
"madagascar" 0 0 0 0 0 0 0 0 0 0 0 0 25256.2847137451 1565.00279903412 848.053693771362 0 0 0
"malasya" 0 0 0 0 0 0 0 0 0 0 0 0 1591.47596359253 0 0 0 0 0
"mozambique" 0 0 0 0 0 0 0 0 0 0 0 0 0 871.406376361847 1458.30762386322 431.402564048767 0 0
"myanmar" 0 0 0 0 0 0 -4.62363054975867 18.3527003973722 0 0 0 0 0 -13.4729072451591 62.2167363762856 0 0 0
"nigeria" 0 0 0 0 0 0 0 0 0 0 0 0 -889.766216278076 -5976.5362739563 -360.490024089813 0 0 0
"paraguay" 0 0 0 0 0 0 1835.05046367645 0 0 0 0 0 2005.76615333557 0 0 0 0 0
"peru" 0 0 0 0 0 0 -20533.0467224121 -26223.2570648193 -12265.6955718994 -14117.1503067017 -33791.8510437012 -1957.01932907104 56429.4700622559 5404.5991897583 1399.13821220398 -5220.76940536499 -2446.93851470947 -1487.3868227005
"uruguay" 0 0 0 0 0 0 0 0 0 0 0 0 0 0 0 0 0 0
"venezuela" 0 0 0 0 0 0 0 0 0 0 0 0 8863.37757110596 10955.2612304688 2127.78687477112 0 133.9952647686 0
"newzealand" 0 0 11.8109462782741 0 0 0 246.887788176537 163.202285766602 0 0 0 0 0 0 0 0 0 0
"oceania" 0 0 0 0 0 0 -207.202196121216 -196.612313389778 -113.062471151352 -14.0230525285006 0 0 -6.29809312522411 -249.760806560516 -11.340131983161 0 0 0
"china" 0 0 0 -1100.7331609726 0 -38.5568849742413 -6811.7880821228 1456.51865005493 485.194623470306 -5170.5322265625 -30.3437244147062 -11.4157292991877 -27.4962056428194 -365.796983242035 0 0 0 0
"japan" 0 0 0 -152.198866009712 0 0 -2547.64866828918 -3430.8705329895 -5143.60857009888 -345.787584781647 0 0 0 0 0 0 0 0
"korea" 0 0 0 0 0 0 0 -1169.29233074188 -482.502192258835 0 0 0 0 0 0 0 0 0
"india" 0 0 0 0 0 0 1175.90582370758 552.308022975922 490.368098020554 634.987115859985 283.740103244781 0 0 3243.44110488892 19347.8755950928 12940.6118392944 921.786367893219 0
"eastasia" 0 0 0 115.474045276642 -57.7375330030918 0 0 116.679288446903 11257.6198577881 321.218341588974 0 0 293.062448501587 0 0 0 0 0
"seasia" 0 0 0 0 0 0 463.877588510513 203.173294663429 2.18643201515079 0 0 0 6933.40826034546 3789.30139541626 5204.7643661499 0 0 0
"southasia" 0 0 0 0 0 0 0 109.462954103947 1023.18155765533 1.346739474684 -0.143002907861955 0 583.338558673859 3089.47014808655 1464.94448184967 0 0 0
"us" 0 0 0 -4.08913195133209 -1024.29533004761 -120.994299650192 56844.1200256348 70478.4393310547 171828.414916992 11094.5453643799 5951.10940933228 -1147.34542369843 0 0 0 0 0 0
"canada" 0 0 550.521433353424 21304.5463562012 5884.00173187256 0 0 165.520086884499 33162.9180908203 56763.4658813477 12384.6092224121 0 0 0 0 0 0 0
"mexico" 0 0 0 0 0 0 13.4748723357916 20.763399079442 -107.499249279499 1197.03686237335 433.091908693314 210.624143481255 169.978886842728 -78.8498744368553 311.481237411499 1518.37241649628 118.403695523739 0
"latinamer" 0 138.238802552223 1013.62133026123 1279.83045578003 2809.44633483887 165.938466787338 5466.80879592896 3969.20228004456 3776.67713165283 2463.86384963989 1457.96740055084 542.780458927155 37906.867980957 20275.1407623291 8614.22348022461 467.054337263107 279.91384267807 0
"eu27" 0 0 -9.21890046447515 -15865.180015564 -190.560460090637 0 -5414.76726531982 -32982.4333190918 -132278.945922852 -14586.1902236938 0 0 0 0 0 0 0 0
"uk" 0 0 -312.862724065781 -28.366819024086 0 0 -110.160924494267 -1537.513256073 -2695.42002677917 0 0 0 0 0 0 0 0 0
"russia" 0 0 0 34466.3925170898 10975.7242202759 745.186805725098 0 130.926758050919 9476.89247131348 29070.951461792 4310.02330780029 0 0 0 0 0 0 0
"efta" 0 0 -72.9056373238564 -801.452934741974 -53.1866997480392 0 0 0 -732.885658740997 0 0 0 0 0 0 0 0 0
"mena" 0 0 0 6.55066827312112 47.623049467802 0 0 628.042638301849 19006.7901611328 29315.486907959 6862.16735839844 18.2313788682222 0 0 0 0 0 0
"ssa" 0 0 0 0 0 0 0 16071.6457366943 9697.93319702148 1400.81262588501 57.4631616473198 0 55469.3412780762 86580.810546875 76087.1047973633 10259.4394683838 407.817274332047 0
"restofworld" 0 0 6.69533899053931 394.533008337021 1401.67438983917 70.2974423766136 593.730449676514 2924.95131492615 59232.0747375488 15151.4167785645 36.8313193321228 0 0 0 0 0 0 0
