"angdrc" 0 0 0 0 0 0 0 0 886.275887489319 791.378915309906 0 0 1220.55995464325 5523.08511734009 6868.42203140259 1490.12899398804 0 0
"argentina" 0 0 0 -6.91434741020203 -10.5982776731253 -8.22564959526062 -84.538921713829 0 -37.1362119913101 -72.9906335473061 -69.7543919086456 -8.8025750592351 0 0 0 0 0 0
"bolivia" 0 0 0 0 0 0 -61.6529285907745 -126.63234770298 -345.076858997345 -768.663287162781 0 0 -1148.88381958008 -6262.65096664429 -3841.48669242859 -1518.06998252869 0 0
"brasil" 0 0 0 0 0 0 42252.2926330566 0 0 0 0 0 232936.996459961 66637.6113891602 12763.4515762329 0 0 0
"colombia" 0 0 0 0 0 0 200570.220947266 6000.46634674072 0 0 0 0 1144639.03808594 39276.538848877 4870.92781066895 0 0 0
"ghana" 0 0 0 0 0 0 0 0 0 0 0 0 273566.925048828 50786.3464355469 567.025899887085 0 0 0
"ivorycoast" 0 0 0 0 0 0 0 0 0 0 0 0 689951.599121094 249229.034423828 66351.3412475586 0 0 0
"indonesia" 0 0 0 0 0 0 0 0 0 0 0 0 -438.596308231354 -2.92191538028419 -43.7788553535938 0 0 0
"madagascar" 0 0 0 0 0 0 0 0 0 0 0 0 25318.2621002197 1632.22789764404 890.678703784943 0 0 0
"malasya" 0 0 0 0 0 0 0 0 0 0 0 0 333.975613117218 0 0 0 0 0
"mozambique" 0 0 0 0 0 0 0 0 0 0 0 0 0 2494.4703578949 5254.52518463135 1509.5112323761 0 0
"myanmar" 0 0 0 0 0 0 84.898442029953 723.26534986496 0 0 0 0 0 2030.36642074585 824.029684066772 0 0 0
"nigeria" 0 0 0 0 0 0 0 0 0 0 0 0 3975.04067420959 25828.6571502686 1546.78988456726 0 0 0
"paraguay" 0 0 0 0 0 0 101612.518310547 0 0 0 0 0 84534.4314575195 0 0 0 0 0
"peru" 0 0 0 0 0 0 -20338.9625549316 -25990.1294708252 -12152.4772644043 -13988.0304336548 -33488.5482788086 -1938.08567523956 56140.2435302734 5364.99309539795 1320.07765769958 -5562.75415420532 -2425.25720596313 -1472.3995923996
"uruguay" 0 0 0 0 0 0 0 0 0 0 0 0 0 0 0 0 0 0
"venezuela" 0 0 0 0 0 0 0 0 0 0 0 0 1625.05841255188 1991.04785919189 388.143420219421 0 24.0684598684311 0
"newzealand" 0 0 -13.4973004460335 0 0 0 -2129.4264793396 -836.646854877472 0 0 0 0 0 0 0 0 0 0
"oceania" 0 0 0 0 0 0 -1254.91952896118 -2084.10573005676 -1521.52442932129 -140.954464673996 0 0 -16.8961156159639 -781.920969486237 -99.4346663355827 0 0 0
"china" 0 0 0 -1609.38560962677 0 -3.61939845606685 -9843.64986419678 -13346.700668335 -9901.32713317871 -3279.1268825531 -5.0323773175478 -0.961970072239637 -270.599275827408 -348.841816186905 0 0 0 0
"japan" 0 0 0 -114.594429731369 0 0 -1901.94034576416 -2551.25522613525 -3843.71304512024 -259.588181972504 0 0 0 0 0 0 0 0
"korea" 0 0 0 0 0 0 0 -608.473718166351 -240.064918994904 0 0 0 0 0 0 0 0 0
"india" 0 0 0 0 0 0 1169.02589797974 564.948201179504 496.059000492096 663.859248161316 268.762052059174 0 0 3129.4379234314 20732.0823669434 13487.2922897339 1077.29232311249 0
"eastasia" 0 0 0 476.906687021255 -0.466825906187296 0 0 190.453872084618 14395.4820632935 642.380952835083 0 0 541.187405586243 0 0 0 0 0
"seasia" 0 0 0 0 0 0 1634.21368598938 633.826732635498 4.15609963238239 0 0 0 18533.46824646 14818.6264038086 10710.4949951172 0 0 0
"southasia" 0 0 0 0 0 0 0 93.0335819721222 943.186938762665 1.23680813703686 0.10179182572756 0 438.978582620621 2909.6941947937 1371.37377262115 0 0 0
"us" 0 0 0 2.42972886189818 613.496124744415 71.5441480278969 -39245.9564208984 -44528.4461975098 -84437.9806518555 -5061.7527961731 -1848.14953804016 711.357295513153 0 0 0 0 0 0
"canada" 0 0 -1277.69029140472 -50237.6251220703 -15153.3203125 0 0 -345.941364765167 -87056.2744140625 -158956.588745117 -29470.3559875488 0 0 0 0 0 0 0
"mexico" 0 0 0 0 0 0 -110.561430454254 -444.042354822159 -2551.87201499939 275.064289569855 295.932084321976 252.651393413544 -2190.12331962585 -4004.54473495483 -2608.48999023438 -455.216288566589 88.1296917796135 0
"latinamer" 0 135.239318013191 1003.28254699707 1250.04291534424 2726.35078430176 160.524636507034 5877.28214263916 4431.37788772583 3901.29852294922 2537.66703605652 1438.16792964935 526.922047138214 43820.4154968262 23259.5024108887 9992.78450012207 536.515951156616 365.51895737648 0
"eu27" 0 0 -15.2287567034364 -24384.0446472168 -426.676273345947 0 -9385.18142700195 -55052.4444580078 -218569.152832031 -25216.5298461914 0 0 0 0 0 0 0 0
"uk" 0 0 -26.4028795063496 -5.43928379192948 0 0 -71.5786889195442 -1265.92409610748 -2266.97015762329 0 0 0 0 0 0 0 0 0
"russia" 0 0 0 34203.6933898926 10588.8166427612 703.670680522919 0 128.699138760567 9148.3850479126 28066.5664672852 4134.79948043823 0 0 0 0 0 0 0
"efta" 0 0 -77.850840985775 -964.265048503876 79.5248821377754 0 0 0 -689.710199832916 0 0 0 0 0 0 0 0 0
"mena" 0 0 0 5.06046647205949 36.0374115407467 0 0 444.986492395401 13002.5434494019 21080.9917449951 5345.78561782837 15.5231095850468 0 0 0 0 0 0
"ssa" 0 0 0 0 0 0 0 14965.4769897461 9948.03428649902 1738.17443847656 78.0362784862518 0 58241.7297363281 86795.0820922852 79516.1437988281 12515.1138305664 511.578917503357 0
"restofworld" 0 0 7.11289653554559 464.832961559296 1627.74777412415 84.5583081245422 633.345484733582 3109.66396331787 59584.2094421387 15985.3963851929 42.7429862320423 0 0 0 0 0 0 0
