"angdrc" 0 0 0 0 0 0 0 0 -59.4709143042564 -44.9749380350113 0 0 -246.935307979584 -645.396411418915 -439.279079437256 -76.5088051557541 0 0
"argentina" 0 0 0 17.8477689623833 27.4429004639387 21.2286710739136 -346.23196721077 0 -753.206312656403 -197.331920266151 181.091532111168 23.5092211514711 0 0 0 0 0 0
"bolivia" 0 0 0 0 0 0 -11.0795702785254 -23.0638030916452 -61.2685494124889 -136.283412575722 0 0 -204.921707510948 -1094.43211555481 -630.90592622757 -252.013087272644 0 0
"brasil" 0 0 0 0 0 0 -6330.09338378906 0 0 0 0 0 -39966.5679931641 -1531.35251998901 -858.936369419098 0 0 0
"colombia" 0 0 0 0 0 0 211854.782104492 6345.96061706543 0 0 0 0 1051911.98730469 51005.7106018066 5039.11018371582 0 0 0
"ghana" 0 0 0 0 0 0 0 0 0 0 0 0 295891.784667969 248646.697998047 1025.92432498932 0 0 0
"ivorycoast" 0 0 0 0 0 0 0 0 0 0 0 0 743908.142089844 355387.359619141 37992.0959472656 0 0 0
"indonesia" 0 0 0 0 0 0 0 0 0 0 0 0 -4535.29453277588 -53.6357648670673 14.425452798605 0 0 0
"madagascar" 0 0 0 0 0 0 0 0 0 0 0 0 3741.5189743042 240.62491953373 131.486475467682 0 0 0
"malasya" 0 0 0 0 0 0 0 0 0 0 0 0 -2425.04572868347 0 0 0 0 0
"mozambique" 0 0 0 0 0 0 0 0 0 0 0 0 0 57.0996329188347 96.6351702809334 27.8274472802877 0 0
"myanmar" 0 0 0 0 0 0 -25.0456910580397 -213.533356785774 0 0 0 0 0 -586.335122585297 -230.5688560009 0 0 0
"nigeria" 0 0 0 0 0 0 0 0 0 0 0 0 834.966540336609 5801.5513420105 293.340981006622 0 0 0
"paraguay" 0 0 0 0 0 0 -13.565112836659 0 0 0 0 0 -61.1995682120323 0 0 0 0 0
"peru" 0 0 0 0 0 0 38651.0772705078 -86517.5628662109 -40250.2708435059 -46076.3359069824 -110469.818115234 -6381.95562362671 236388.702392578 6694.33927536011 -6301.95808410645 -4235.10932922363 -8301.20372772217 -4861.78684234619
"uruguay" 0 0 0 0 0 0 0 0 0 0 0 0 0 0 0 0 0 0
"venezuela" 0 0 0 0 0 0 0 0 0 0 0 0 678.807199001312 841.72648191452 162.712797522545 0 10.4183508083224 0
"newzealand" 0 0 -12.3609751462936 0 0 0 -992.240846157074 -429.092586040497 0 0 0 0 0 0 0 0 0 0
"oceania" 0 0 0 0 0 0 -199.579551815987 -406.593829393387 -217.103317379951 -23.2908148318529 0 0 -0.709392479620874 -49.2891259491444 -22.2277510911226 0 0 0
"china" 0 0 0 -1177.0042181015 0 -16.7044661939144 -6764.59217071533 -5101.73559188843 -3942.39163398743 -3424.14140701294 -14.3917268142104 -4.87610185518861 -117.421597242355 -285.421907901764 0 0 0 0
"japan" 0 0 0 -27.2555593401194 0 0 -439.040899276733 -601.764500141144 -907.832741737366 -61.6985633969307 0 0 0 0 0 0 0 0
"korea" 0 0 0 0 0 0 0 -66.9241547584534 -27.5516137480736 0 0 0 0 0 0 0 0 0
"india" 0 0 0 0 0 0 -171.779438853264 -87.5070840120316 -102.182529866695 -151.960283517838 -59.4793148338795 0 0 -387.266993522644 -2934.58867073059 -1823.49181175232 -148.343876004219 0
"eastasia" 0 0 0 -205.875217914581 -27.356032282114 0 0 -11.9813224300742 -1406.92043304443 -154.905244708061 0 0 -59.5961026847363 0 0 0 0 0
"seasia" 0 0 0 0 0 0 -55.6012243032455 -24.720685556531 -0.028526535970741 0 0 0 -872.142910957336 -624.739825725555 -137.032672762871 0 0 0
"southasia" 0 0 0 0 0 0 0 -3.67219443432987 -26.3829175382853 -0.0814623926999047 -0.0588037219131365 0 -47.2812503576279 -40.0607474148273 -0.0969134271144867 0 0 0
"us" 0 0 0 0.405555823817849 87.0603993535042 9.91257093846798 -7505.19227981567 -7330.79719543457 -666.666328907013 412.710905075073 272.345662117004 109.624557197094 0 0 0 0 0 0
"canada" 0 0 -74.0268602967262 -2905.07936477661 -829.336106777191 0 0 15.4159516096115 -3988.04354667664 -6824.63550567627 -1789.79980945587 0 0 0 0 0 0 0
"mexico" 0 0 0 0 0 0 -14.0069462358952 -68.6196014285088 -223.16862642765 -96.4486673474312 -9.79446526616812 4.34151524677873 -339.596062898636 -619.539260864258 -415.57714343071 -136.187866330147 -0.318997423164546 0
"latinamer" 0 -3.57938557863235 -21.8456778675318 -32.7473245561123 -78.3063098788261 -4.94338432326913 24.029828608036 21.5347297489643 -45.3349649906158 -27.2390507161617 -34.5537289977074 -15.6478937715292 637.923419475555 210.4532122612 22.8911489248276 10.5506051331758 22.8850711137056 0
"eu27" 0 0 -5.1580723375082 -9373.42929840088 -102.967292070389 0 -3142.44055747986 -18926.2676239014 -78227.180480957 -8813.50040435791 0 0 0 0 0 0 0 0
"uk" 0 0 -1093.5971736908 -102.039590477943 0 0 -437.431871891022 -6344.80810165405 -11138.219833374 0 0 0 0 0 0 0 0 0
"russia" 0 0 0 -2719.08020973206 -747.499167919159 -56.214340031147 0 -9.66615695506334 -582.648456096649 -1886.75284385681 -290.20893573761 0 0 0 0 0 0 0
"efta" 0 0 -8.95981956273317 -108.237944543362 57.9658858478069 0 0 0 18.7509059906006 0 0 0 0 0 0 0 0 0
"mena" 0 0 0 0.84192818030715 5.73765952140093 0 0 59.8800219595432 1636.31296157837 2982.86271095276 891.780018806458 3.0240819323808 0 0 0 0 0 0
"ssa" 0 0 0 0 0 0 0 2867.3198223114 1734.01772975922 280.320346355438 12.1596921235323 0 10758.6154937744 16168.4322357178 13548.56300354 1980.0763130188 82.4592784047127 0
"restofworld" 0 0 1.30030373111367 89.2205610871315 309.64607000351 16.2609294056892 116.044238209724 574.725687503815 10482.1748733521 2925.05502700806 8.11503827571869 0 0 0 0 0 0 0
