"angdrc" 0 0 0 0 0 0 0 0 2175.66514015198 1963.41776847839 0 0 2411.67545318604 12621.7527389526 16931.2038421631 3721.848487854 0 0
"argentina" 0 0 0 40.2946956455708 62.2373968362808 46.9698794186115 4901.15594863892 0 7381.25944137573 4297.99699783325 824.218451976776 62.369167804718 0 0 0 0 0 0
"bolivia" 0 0 0 0 0 0 -109.120950102806 -231.624707579613 -621.996581554413 -1390.85018634796 0 0 -2063.59839439392 -10962.2478485107 -6824.05662536621 -2753.76129150391 0 0
"brasil" 0 0 0 0 0 0 532179.138183594 0 0 0 0 0 3728903.56445312 3954072.02148438 747670.837402344 0 0 0
"colombia" 0 0 0 0 0 0 203277.236938477 6084.85746383667 0 0 0 0 1156671.26464844 40258.5601806641 4932.23905563354 0 0 0
"ghana" 0 0 0 0 0 0 0 0 0 0 0 0 273487.640380859 50768.928527832 565.137147903442 0 0 0
"ivorycoast" 0 0 0 0 0 0 0 0 0 0 0 0 689679.931640625 249049.575805664 66455.7647705078 0 0 0
"indonesia" 0 0 0 0 0 0 0 0 0 0 0 0 984.356701374054 -80.8942317962646 -320.726573467255 0 0 0
"madagascar" 0 0 0 0 0 0 0 0 0 0 0 0 35790.7943725586 2227.77438163757 1206.72118663788 0 0 0
"malasya" 0 0 0 0 0 0 0 0 0 0 0 0 2505.84650039673 0 0 0 0 0
"mozambique" 0 0 0 0 0 0 0 0 0 0 0 0 0 2526.62706375122 4858.9768409729 1422.13881015778 0 0
"myanmar" 0 0 0 0 0 0 24.4857035577297 283.860385417938 0 0 0 0 0 751.19823217392 339.948117733002 0 0 0
"nigeria" 0 0 0 0 0 0 0 0 0 0 0 0 314.69452381134 1453.43172550201 119.83485519886 0 0 0
"paraguay" 0 0 0 0 0 0 101034.591674805 0 0 0 0 0 84892.3721313477 0 0 0 0 0
"peru" 0 0 0 0 0 0 -20529.6840667725 -26213.8442993164 -12263.0128860474 -14113.5292053223 -33779.3579101562 -1956.79616928101 56645.7710266113 5432.50322341919 1453.93002033234 -5157.08303451538 -2446.67482376099 -1486.04679107666
"uruguay" 0 0 0 0 0 0 0 0 0 0 0 0 0 0 0 0 0 0
"venezuela" 0 0 0 0 0 0 0 0 0 0 0 0 8723.32954406738 10773.699760437 2093.56331825256 0 131.612882018089 0
"newzealand" 0 0 10.3750396519899 0 0 0 500.423610210419 243.244186043739 0 0 0 0 0 0 0 0 0 0
"oceania" 0 0 0 0 0 0 -56.4216151833534 4.38335537910461 49.893993884325 2.82798847183585 0 0 -2.68526747822762 -90.8940061926842 1.76901277154684 0 0 0
"china" 0 0 0 -3391.07036590576 0 -58.390986174345 -22462.7742767334 -15358.5405349731 -11928.3695220947 -11371.072769165 -48.1762550771236 -17.114233225584 -403.487831354141 -967.395126819611 0 0 0 0
"japan" 0 0 0 -51.9046969711781 0 0 -869.101464748383 -1171.58687114716 -1741.59061908722 -117.771200835705 0 0 0 0 0 0 0 0
"korea" 0 0 0 0 0 0 0 -420.152693986893 -178.198203444481 0 0 0 0 0 0 0 0 0
"india" 0 0 0 0 0 0 1816.62690639496 881.738245487213 823.756396770477 1000.13983249664 473.568439483643 0 0 4975.43573379517 31283.6322784424 21713.586807251 1804.93211746216 0
"eastasia" 0 0 0 62.2637271881104 -133.864551782608 0 0 257.480710744858 21007.1773529053 461.248397827148 0 0 667.147874832153 0 0 0 0 0
"seasia" 0 0 0 0 0 0 1515.52557945251 608.902513980865 4.61480487138033 0 0 0 18895.9903717041 13194.1938400269 11592.6856994629 0 0 0
"southasia" 0 0 0 0 0 0 0 159.215211868286 1477.46980190277 1.90232810564339 -0.306271336739883 0 819.430112838745 4539.10732269287 2161.63778305054 0 0 0
"us" 0 0 0 -8.0895209684968 -2250.71787834167 -209.5767557621 -1438.84897232056 5504.26435470581 48246.021270752 -2366.56332015991 -13199.878692627 -2329.93960380554 0 0 0 0 0 0
"canada" 0 0 711.050093173981 27612.6899719238 8063.25435638428 0 0 149.411499500275 45318.2373046875 92195.4574584961 16142.4789428711 0 0 0 0 0 0 0
"mexico" 0 0 0 0 0 0 -40.1504151523113 -158.912464976311 -815.646290779114 -346.158027648926 -55.4865561425686 8.2641551271081 -712.811768054962 -1078.3314704895 -658.674120903015 -579.710960388184 -8.36093444377184 0
"latinamer" 0 214.054018259048 1578.66322994232 1981.99570178986 4339.00451660156 255.890488624573 8967.81444549561 6710.08253097534 6054.00371551514 3935.72640419006 2272.97806739807 839.303970336914 65453.7734985352 34922.6570129395 15053.0118942261 796.050071716309 511.794090270996 0
"eu27" 0 0 -1.26592465676367 -3950.89554786682 27.2916331887245 0 -705.105185508728 -5004.41646575928 -25795.5131530762 -1523.41604232788 0 0 0 0 0 0 0 0
"uk" 0 0 -289.71454501152 -24.568660184741 0 0 -66.8372958898544 -772.872030735016 -1331.22229576111 0 0 0 0 0 0 0 0 0
"russia" 0 0 0 45869.4114685059 13813.0006790161 935.038328170776 0 169.492870569229 11687.159538269 36278.6102294922 5432.34014511108 0 0 0 0 0 0 0
"efta" 0 0 -56.4044378697872 -585.392653942108 -146.102964878082 0 0 0 -718.702733516693 0 0 0 0 0 0 0 0 0
"mena" 0 0 0 7.71534815430641 57.7979758381844 0 0 798.584342002869 24916.2616729736 37462.3336791992 7791.28074645996 17.2249171882868 0 0 0 0 0 0
"ssa" 0 0 0 0 0 0 0 22417.8848266602 13905.3049087524 2057.72852897644 85.6553167104721 0 77901.9546508789 122128.746032715 110032.997131348 15156.3873291016 600.475072860718 0
"restofworld" 0 0 8.09571705758572 442.813694477081 1602.7352809906 77.9131054878235 740.986824035645 3579.8008441925 76432.8842163086 18613.597869873 41.9530384242535 0 0 0 0 0 0 0
