"angdrc" 0 0 0 0 0 0 0 0 1883.21471214294 1704.47504520416 0 0 1982.90765285492 10752.7961730957 14668.3540344238 3235.82649230957 0 0
"argentina" 0 0 0 62.5637471675873 96.4288264513016 73.4158158302307 4015.04325866699 0 5315.04917144775 3413.25378417969 1022.56083488464 92.6216840744019 0 0 0 0 0 0
"bolivia" 0 0 0 0 0 0 -90.885117650032 -199.421808123589 -527.906715869904 -1180.20451068878 0 0 -1735.36455631256 -9020.56980133057 -5715.02447128296 -2343.23835372925 0 0
"brasil" 0 0 0 0 0 0 755244.018554688 0 0 0 0 0 2159728.515625 3413247.55859375 609507.873535156 0 0 0
"colombia" 0 0 0 0 0 0 215444.763183594 6457.56578445435 0 0 0 0 1067922.8515625 52390.7356262207 5120.08380889893 0 0 0
"ghana" 0 0 0 0 0 0 0 0 0 0 0 0 295854.675292969 248617.202758789 1024.8783826828 0 0 0
"ivorycoast" 0 0 0 0 0 0 0 0 0 0 0 0 742925.537109375 354907.318115234 37903.8467407227 0 0 0
"indonesia" 0 0 0 0 0 0 0 0 0 0 0 0 -221.262618899345 -105.45090585947 -332.31395483017 0 0 0
"madagascar" 0 0 0 0 0 0 0 0 0 0 0 0 27185.3713989258 1694.38171386719 918.824076652527 0 0 0
"malasya" 0 0 0 0 0 0 0 0 0 0 0 0 2042.02604293823 0 0 0 0 0
"mozambique" 0 0 0 0 0 0 0 0 0 0 0 0 0 1954.54847812653 3713.92679214478 1091.45224094391 0 0
"myanmar" 0 0 0 0 0 0 17.4643378704786 201.622635126114 0 0 0 0 0 550.816416740417 262.742877006531 0 0 0
"nigeria" 0 0 0 0 0 0 0 0 0 0 0 0 5772.65739440918 36747.9209899902 2315.71674346924 0 0 0
"paraguay" 0 0 0 0 0 0 112531.768798828 0 0 0 0 0 82140.6402587891 0 0 0 0 0
"peru" 0 0 0 0 0 0 40047.2717285156 -86230.4458618164 -40126.5487670898 -45931.2858581543 -110117.782592773 -6365.07797241211 237245.346069336 6816.00284576416 -5550.61817169189 -3611.09924316406 -8271.74472808838 -4846.59481048584
"uruguay" 0 0 0 0 0 0 0 0 0 0 0 0 0 0 0 0 0 0
"venezuela" 0 0 0 0 0 0 0 0 0 0 0 0 7703.11832427979 9513.91124725342 1848.14441204071 0 116.272121667862 0
"newzealand" 0 0 8.10045935213566 0 0 0 -91.5252938866615 20.1473962515593 0 0 0 0 0 0 0 0 0 0
"oceania" 0 0 0 0 0 0 -583.905756473541 -924.389481544495 -634.762346744537 -60.4157000780106 0 0 -8.86292289942503 -389.072775840759 -40.9177131950855 0 0 0
"china" 0 0 0 -4787.53280639648 0 -70.4847425222397 -30338.716506958 -23485.6586456299 -18289.9761199951 -14884.8276138306 -59.4734400510788 -20.6242706626654 -574.549317359924 -1272.77314662933 0 0 0 0
"japan" 0 0 0 -115.745693445206 0 0 -1937.26086616516 -2611.3018989563 -3903.35559844971 -262.778997421265 0 0 0 0 0 0 0 0
"korea" 0 0 0 0 0 0 0 -951.415121555328 -387.661248445511 0 0 0 0 0 0 0 0 0
"india" 0 0 0 0 0 0 1422.06227779388 693.385779857635 659.482300281525 763.862788677216 378.153294324875 0 0 3928.12609672546 24594.5606231689 17400.6462097168 1489.76123332977 0
"eastasia" 0 0 0 308.527380228043 -61.0710009932518 0 0 210.768952965736 18276.3595581055 643.12481880188 0 0 528.486490249634 0 0 0 0 0
"seasia" 0 0 0 0 0 0 1032.49454498291 422.991424798965 3.31230624578893 0 0 0 13448.8554000854 8822.07012176514 8200.37269592285 0 0 0
"southasia" 0 0 0 0 0 0 0 134.512603282928 1242.14780330658 1.64952338673174 -0.211157370358706 0 681.207776069641 3778.91397476196 1792.86479949951 0 0 0
"us" 0 0 0 -4.30629169568419 -1068.46821308136 -130.792841315269 82643.8064575195 104894.706726074 262082.153320312 16152.5077819824 10220.0555801392 -1153.39827537537 0 0 0 0 0 0
"canada" 0 0 422.932982444763 16416.0709381104 4496.96397781372 0 0 114.690333604813 21800.02784729 41261.2190246582 10057.7983856201 0 0 0 0 0 0 0
"mexico" 0 0 0 0 0 0 29.2861331254244 82.5636461377144 369.896948337555 1514.57023620605 485.310554504395 221.119076013565 445.676356554031 601.123332977295 1102.51188278198 1963.96386623383 132.343962788582 0
"latinamer" 0 142.180517315865 1047.0118522644 1317.50524044037 2885.87212562561 170.0439453125 5854.16030883789 4313.13800811768 3965.62886238098 2579.86974716187 1503.9918422699 556.848227977753 42066.1392211914 22245.0885772705 9518.39923858643 510.51539182663 326.775223016739 0
"eu27" 0 0 -7.116733584553 -11813.0598068237 -148.611679673195 0 -3986.3429069519 -24970.142364502 -103025.459289551 -11075.7884979248 0 0 0 0 0 0 0 0
"uk" 0 0 -337.279468774796 -29.9058966338634 0 0 -104.220725595951 -1395.88153362274 -2440.11497497559 0 0 0 0 0 0 0 0 0
"russia" 0 0 0 35941.7266845703 11080.4090499878 745.379328727722 0 134.275317192078 9481.9221496582 29256.9618225098 4366.76979064941 0 0 0 0 0 0 0
"efta" 0 0 -67.810021340847 -733.346998691559 -75.2677395939827 0 0 0 -713.336169719696 0 0 0 0 0 0 0 0 0
"mena" 0 0 0 6.50805048644543 48.42409491539 0 0 657.476425170898 20492.1588897705 30855.0300598145 6585.76726913452 15.3918080031872 0 0 0 0 0 0
"ssa" 0 0 0 0 0 0 0 18853.2314300537 11706.9501876831 1729.57253456116 71.960985660553 0 65814.4149780273 102946.243286133 92942.3904418945 12771.3317871094 504.899382591248 0
"restofworld" 0 0 7.43646919727325 428.262680768967 1535.10081768036 76.1632397770882 667.95414686203 3266.32332801819 67641.7999267578 17034.5840454102 40.3089076280594 0 0 0 0 0 0 0
