"angdrc" 0 0 0 0 0 0 0 0 2176.67627334595 1965.02590179443 0 0 2397.76206016541 12603.0521392822 16940.7997131348 3725.55232048035 0 0
"argentina" 0 0 0 41.7312197387218 64.4514709711075 48.6664324998856 4922.6508140564 0 7394.06728744507 4319.34022903442 843.106091022491 64.3891245126724 0 0 0 0 0 0
"bolivia" 0 0 0 0 0 0 -108.708657324314 -230.721905827522 -619.58920955658 -1385.40601730347 0 0 -2055.65214157104 -10921.0300445557 -6797.39379882812 -2742.73729324341 0 0
"brasil" 0 0 0 0 0 0 532378.601074219 0 0 0 0 0 3730117.1875 3956135.25390625 748013.793945312 0 0 0
"colombia" 0 0 0 0 0 0 203200.1953125 6082.45849609375 0 0 0 0 1156388.42773438 40236.1183166504 4930.50003051758 0 0 0
"ghana" 0 0 0 0 0 0 0 0 0 0 0 0 273488.830566406 50769.1993713379 565.165817737579 0 0 0
"ivorycoast" 0 0 0 0 0 0 0 0 0 0 0 0 689680.236816406 249051.727294922 66457.649230957 0 0 0
"indonesia" 0 0 0 0 0 0 0 0 0 0 0 0 995.855152606964 -79.5668661594391 -316.427618265152 0 0 0
"madagascar" 0 0 0 0 0 0 0 0 0 0 0 0 35528.9916992188 2211.74120903015 1198.0949640274 0 0 0
"malasya" 0 0 0 0 0 0 0 0 0 0 0 0 2499.91536140442 0 0 0 0 0
"mozambique" 0 0 0 0 0 0 0 0 0 0 0 0 0 2536.19503974915 4884.45901870728 1429.37564849854 0 0
"myanmar" 0 0 0 0 0 0 24.6862526983023 284.788608551025 0 0 0 0 0 754.581332206726 340.45484662056 0 0 0
"nigeria" 0 0 0 0 0 0 0 0 0 0 0 0 6514.3084526062 41576.5266418457 2603.07240486145 0 0 0
"paraguay" 0 0 0 0 0 0 101034.255981445 0 0 0 0 0 84891.3497924805 0 0 0 0 0
"peru" 0 0 0 0 0 0 -20534.0461730957 -26219.8181152344 -12265.7051086426 -14116.6200637817 -33786.8232727051 -1957.195520401 56632.8163146973 5430.77373504639 1450.50668716431 -5170.18365859985 -2447.22890853882 -1486.35649681091
"uruguay" 0 0 0 0 0 0 0 0 0 0 0 0 0 0 0 0 0 0
"venezuela" 0 0 0 0 0 0 0 0 0 0 0 0 8724.35474395752 10775.0873565674 2093.81532669067 0 131.632417440414 0
"newzealand" 0 0 10.5539243668318 0 0 0 508.644342422485 247.291743755341 0 0 0 0 0 0 0 0 0 0
"oceania" 0 0 0 0 0 0 -54.3507747352123 13.3712887763977 55.7455010712147 3.51509405300021 0 0 -2.78759328648448 -94.1114947199821 2.17816280201077 0 0 0
"china" 0 0 0 -3339.83206748962 0 -57.476419955492 -22175.9910583496 -15205.265045166 -11798.8243103027 -11209.6939086914 -47.413632273674 -16.8455317616463 -399.423569440842 -954.637050628662 0 0 0 0
"japan" 0 0 0 -52.6048690080643 0 0 -881.810545921326 -1188.24553489685 -1765.49541950226 -119.370192289352 0 0 0 0 0 0 0 0
"korea" 0 0 0 0 0 0 0 -420.57466506958 -178.162083029747 0 0 0 0 0 0 0 0 0
"india" 0 0 0 0 0 0 1792.80114173889 870.579838752747 815.650284290314 982.320785522461 468.453884124756 0 0 4916.93258285522 30884.0827941895 21513.2827758789 1796.65875434875 0
"eastasia" 0 0 0 78.6731466650963 -130.233392119408 0 0 256.485193967819 20959.623336792 473.089993000031 0 0 665.203332901001 0 0 0 0 0
"seasia" 0 0 0 0 0 0 1506.88290596008 604.526281356812 4.57866117358208 0 0 0 18785.0341796875 13119.5545196533 11499.3953704834 0 0 0
"southasia" 0 0 0 0 0 0 0 157.999560236931 1467.12148189545 1.89186749048531 -0.297777471132576 0 813.655436038971 4505.3825378418 2144.94895935059 0 0 0
"us" 0 0 0 -7.86707457154989 -2185.955286026 -203.729405999184 -1427.03998088837 5583.54520797729 48479.5799255371 -2237.79034614563 -12678.4086227417 -2263.72408866882 0 0 0 0 0 0
"canada" 0 0 705.132246017456 27383.6631774902 8000.04577636719 0 0 147.146970033646 44654.468536377 91374.2980957031 16072.5250244141 0 0 0 0 0 0 0
"mexico" 0 0 0 0 0 0 -40.5076555907726 -160.730436444283 -813.730776309967 -280.781447887421 -34.2423915863037 18.6853520572186 -731.555879116058 -1103.94287109375 -642.640709877014 -517.043173313141 -2.94507131911814 0
"latinamer" 0 213.585928082466 1575.09970664978 1977.40912437439 4329.0548324585 255.337059497833 8941.86878204346 6687.30020523071 6038.08975219727 3925.83036422729 2267.86994934082 837.475180625916 65221.7025756836 34799.6673583984 14994.0452575684 793.616950511932 509.922862052917 0
"eu27" 0 0 -1.52460136450827 -4442.0018196106 20.8292827010155 0 -889.376282691956 -6003.87477874756 -29765.3312683105 -1975.26490688324 0 0 0 0 0 0 0 0
"uk" 0 0 -285.408765077591 -24.2481846362352 0 0 -66.7895823717117 -778.088271617889 -1341.54844284058 0 0 0 0 0 0 0 0 0
"russia" 0 0 0 43058.6776733398 13057.0077896118 875.213205814362 0 159.766152501106 11115.4260635376 34400.936126709 5138.56649398804 0 0 0 0 0 0 0
"efta" 0 0 -56.6447339951992 -590.184688568115 -141.35804772377 0 0 0 -714.98429775238 0 0 0 0 0 0 0 0 0
"mena" 0 0 0 7.66947725787759 57.3742166161537 0 0 790.761709213257 24635.3797912598 37088.8175964355 7750.46634674072 17.2877293080091 0 0 0 0 0 0
"ssa" 0 0 0 0 0 0 0 22160.7666015625 13756.1178207397 2036.18383407593 84.7866535186768 0 77108.4060668945 120833.946228027 108925.964355469 15003.5190582275 594.346284866333 0
"restofworld" 0 0 8.06471891701221 443.569183349609 1604.25674915314 78.1063139438629 738.600432872772 3571.07019424438 76003.0975341797 18562.3798370361 41.9883877038956 0 0 0 0 0 0 0
