"angdrc" 0 0 0 0 0 0 0 0 2105.9672832489 1910.12513637543 0 0 2126.549243927 11876.0423660278 16412.3802185059 3629.74071502686 0 0
"argentina" 0 0 0 62.0372071862221 95.6240594387054 72.729118168354 4888.20171356201 0 6820.15991210938 4213.76276016235 1064.77534770966 92.2953337430954 0 0 0 0 0 0
"bolivia" 0 0 0 0 0 0 -94.005823135376 -205.617889761925 -544.058918952942 -1216.73309803009 0 0 -1792.48535633087 -9320.70350646973 -5852.92148590088 -2399.45793151855 0 0
"brasil" 0 0 0 0 0 0 536882.751464844 0 0 0 0 0 3739789.0625 3973476.31835938 752157.104492188 0 0 0
"colombia" 0 0 0 0 0 0 204409.973144531 6120.11909484863 0 0 0 0 1161921.14257812 40640.3656005859 4958.13751220703 0 0 0
"ghana" 0 0 0 0 0 0 0 0 0 0 0 0 7232.16533660889 6270.89262008667 55.8626316487789 0 0 0
"ivorycoast" 0 0 0 0 0 0 0 0 0 0 0 0 49299.8886108398 4919.41452026367 -948.522925376892 0 0 0
"indonesia" 0 0 0 0 0 0 0 0 0 0 0 0 495.844423770905 -106.61818087101 -361.824333667755 0 0 0
"madagascar" 0 0 0 0 0 0 0 0 0 0 0 0 26854.7916412354 1669.65091228485 905.00545501709 0 0 0
"malasya" 0 0 0 0 0 0 0 0 0 0 0 0 2685.17732620239 0 0 0 0 0
"mozambique" 0 0 0 0 0 0 0 0 0 0 0 0 0 2129.43410873413 4066.05339050293 1192.22891330719 0 0
"myanmar" 0 0 0 0 0 0 33.1490114331245 328.263640403748 0 0 0 0 0 911.409080028534 420.483708381653 0 0 0
"nigeria" 0 0 0 0 0 0 0 0 0 0 0 0 5938.27819824219 37399.6810913086 2408.74624252319 0 0 0
"paraguay" 0 0 0 0 0 0 101648.147583008 0 0 0 0 0 85106.3690185547 0 0 0 0 0
"peru" 0 0 0 0 0 0 -20507.568359375 -26189.0354156494 -12250.3776550293 -14099.2889404297 -33747.1961975098 -1954.62024211884 56563.5604858398 5422.08623886108 1433.2503080368 -5207.2811126709 -2443.77112388611 -1484.90345478058
"uruguay" 0 0 0 0 0 0 0 0 0 0 0 0 0 0 0 0 0 0
"venezuela" 0 0 0 0 0 0 0 0 0 0 0 0 8476.82094573975 10470.8480834961 2034.50298309326 0 127.945110201836 0
"newzealand" 0 0 13.3610982447863 0 0 0 431.615829467773 238.24180662632 0 0 0 0 0 0 0 0 0 0
"oceania" 0 0 0 0 0 0 -422.465562820435 -607.048749923706 -415.877670049667 -40.2075834572315 0 0 -7.73538276553154 -322.779804468155 -25.3907758742571 0 0 0
"china" 0 0 0 -4595.17765045166 0 -69.6650668978691 -29353.3134460449 -22343.0461883545 -17370.9754943848 -14509.1247558594 -58.5342571139336 -20.4072371125221 -548.748075962067 -1234.44807529449 0 0 0 0
"japan" 0 0 0 -112.323887646198 0 0 -1878.39090824127 -2535.48002243042 -3788.25974464417 -255.068480968475 0 0 0 0 0 0 0 0
"korea" 0 0 0 0 0 0 0 -922.160565853119 -376.626938581467 0 0 0 0 0 0 0 0 0
"india" 0 0 0 0 0 0 1542.35196113586 750.692188739777 722.516715526581 854.893147945404 411.905646324158 0 0 4254.69636917114 26853.1627655029 18939.1975402832 1607.2883605957 0
"eastasia" 0 0 0 335.419774055481 -61.6970881819725 0 0 222.464889287949 19218.563079834 686.563491821289 0 0 556.471884250641 0 0 0 0 0
"seasia" 0 0 0 0 0 0 1076.43353939056 444.047421216965 3.39651573449373 0 0 0 14221.3745117188 9184.33284759521 8421.35524749756 0 0 0
"southasia" 0 0 0 0 0 0 0 147.412478923798 1361.6726398468 1.8282881937921 -0.219885463593528 0 718.975424766541 4097.03063964844 1950.6938457489 0 0 0
"us" 0 0 0 -4.47536166757345 -1109.63916778564 -136.914283037186 89628.0746459961 113512.878417969 282959.350585938 17618.9270019531 11261.2609863281 -1193.57633590698 0 0 0 0 0 0
"canada" 0 0 657.087862491608 25374.9713897705 7198.91691207886 0 0 197.190269827843 38348.2093811035 70933.7005615234 15834.7768783569 0 0 0 0 0 0 0
"mexico" 0 0 0 0 0 0 46.4339777827263 144.720733165741 843.339443206787 1476.47857666016 431.892365217209 176.778525114059 736.520648002625 1130.19716739655 1483.01160335541 2057.05094337463 117.027841508389 0
"latinamer" 0 153.992116451263 1133.2676410675 1426.90241336823 3126.73926353455 184.311807155609 6305.90152740479 4622.81608581543 4279.71267700195 2787.20641136169 1628.82137298584 603.553771972656 44876.9378662109 23776.668548584 10139.853477478 547.494947910309 346.729159355164 0
"eu27" 0 0 -7.9242829233408 -14201.0269165039 -170.292675495148 0 -4899.58906173706 -28701.7021179199 -117103.202819824 -12411.2558364868 0 0 0 0 0 0 0 0
"uk" 0 0 -348.351329565048 -30.7848453521729 0 0 -106.370858848095 -1409.2937707901 -2459.39230918884 0 0 0 0 0 0 0 0 0
"russia" 0 0 0 39678.9131164551 12292.9248809814 826.780080795288 0 148.766532540321 10545.033454895 32504.2724609375 4844.61259841919 0 0 0 0 0 0 0
"efta" 0 0 -71.4927092194557 -786.556839942932 -84.4479277729988 0 0 0 -783.899486064911 0 0 0 0 0 0 0 0 0
"mena" 0 0 0 6.83879340067506 50.8969649672508 0 0 694.981634616852 21646.1811065674 32500.9346008301 6924.59058761597 16.1332003772259 0 0 0 0 0 0
"ssa" 0 0 0 0 0 0 0 19001.5811920166 11798.3465194702 1723.81782531738 71.3287144899368 0 66173.7594604492 103846.504211426 93970.8633422852 12785.4175567627 503.335654735565 0
"restofworld" 0 0 7.76702631264925 448.3802318573 1607.30886459351 79.8265933990479 694.113492965698 3399.70803260803 70308.8455200195 17796.9589233398 42.2309823334217 0 0 0 0 0 0 0
