"angdrc" 0 0 0 0 0 0 0 0 461.991250514984 414.90364074707 0 0 555.156111717224 2746.95777893066 3595.53503990173 786.239206790924 0 0
"argentina" 0 0 0 28.2785501331091 43.54153200984 33.3565101027489 431.171357631683 0 204.362273216248 421.882838010788 376.381754875183 40.1996001601219 0 0 0 0 0 0
"bolivia" 0 0 0 0 0 0 -16.0712637007236 -20.9437999874353 -72.3899304866791 -164.56712782383 0 0 -260.328441858292 -1828.65500450134 -963.193595409393 -313.573360443115 0 0
"brasil" 0 0 0 0 0 0 -840.245723724365 0 0 0 0 0 -4686.76996231079 3509.42134857178 347.573280334473 0 0 0
"colombia" 0 0 0 0 0 0 -21.9305008649826 1.640769187361 0 0 0 0 1787.50538825989 6.68939528986812 -1.33022898808122 0 0 0
"ghana" 0 0 0 0 0 0 0 0 0 0 0 0 27156.7878723145 27570.2590942383 303.067117929459 0 0 0
"ivorycoast" 0 0 0 0 0 0 0 0 0 0 0 0 282865.478515625 98456.7108154297 2682.53898620605 0 0 0
"indonesia" 0 0 0 0 0 0 0 0 0 0 0 0 -759.064078330994 -5.84687432274222 -11.7647238075733 0 0 0
"madagascar" 0 0 0 0 0 0 0 0 0 0 0 0 22053.9150238037 1419.06476020813 774.570465087891 0 0 0
"malasya" 0 0 0 0 0 0 0 0 0 0 0 0 124.660290777683 0 0 0 0 0
"mozambique" 0 0 0 0 0 0 0 0 0 0 0 0 0 1256.22463226318 2696.80953025818 771.445095539093 0 0
"myanmar" 0 0 0 0 0 0 42.0703813433647 369.370400905609 0 0 0 0 0 981.374502182007 462.634921073914 0 0 0
"nigeria" 0 0 0 0 0 0 0 0 0 0 0 0 3864.63379859924 25026.4778137207 1552.27065086365 0 0 0
"paraguay" 0 0 0 0 0 0 19.9070386588573 0 0 0 0 0 -347.885251045227 0 0 0 0 0
"peru" 0 0 0 0 0 0 2356.41503334045 3107.79166221619 1423.55370521545 1648.10848236084 4015.25259017944 223.501518368721 6798.07758331299 755.938291549683 600.481033325195 525.535821914673 285.6085896492 174.134075641632
"uruguay" 0 0 0 0 0 0 0 0 0 0 0 0 0 0 0 0 0 0
"venezuela" 0 0 0 0 0 0 0 0 0 0 0 0 -111.970260739326 -147.703886032104 -27.5486297905445 0 -2.03383783809841 0
"newzealand" 0 0 -20.1028529554605 0 0 0 -2811.50007247925 -1119.46272850037 0 0 0 0 0 0 0 0 0 0
"oceania" 0 0 0 0 0 0 -1128.92317771912 -1878.49855422974 -1329.96845245361 -125.311732292175 0 0 -15.3464321047068 -712.722778320312 -93.7382951378822 0 0 0
"china" 0 0 0 1207.09133148193 0 13.026300817728 8187.00504302979 7885.33496856689 5678.24220657349 3391.16525650024 11.4853866398335 3.72054986655712 184.170082211494 328.982651233673 0 0 0 0
"japan" 0 0 0 -139.83054459095 0 0 -2332.33642578125 -3127.93159484863 -4705.42907714844 -317.194432020187 0 0 0 0 0 0 0 0
"korea" 0 0 0 0 0 0 0 -833.94181728363 -336.494743824005 0 0 0 0 0 0 0 0 0
"india" 0 0 0 0 0 0 776.110649108887 353.853940963745 241.698265075684 449.364006519318 145.135462284088 0 0 2139.99104499817 12928.1482696533 7023.24485778809 317.206591367722 0
"eastasia" 0 0 0 368.635714054108 17.3262991011143 0 0 89.6607488393784 7418.87092590332 376.863956451416 0 0 295.671999454498 0 0 0 0 0
"seasia" 0 0 0 0 0 0 890.469491481781 346.912145614624 2.69397953525186 0 0 0 9729.04109954834 8251.3599395752 6826.28488540649 0 0 0
"southasia" 0 0 0 0 0 0 0 44.7182133793831 501.002192497253 0.589539646171033 0.0946628570090979 0 261.258602142334 1677.12140083313 769.689321517944 0 0 0
"us" 0 0 0 0.224426257773302 20.8826251327991 15.3222735971212 -28638.1912231445 -31051.8627166748 -51946.418762207 -5235.80551147461 -4385.76030731201 118.907362222672 0 0 0 0 0 0
"canada" 0 0 -811.191916465759 -31654.8442840576 -9753.61347198486 0 0 -309.199154376984 -59136.5356445312 -103238.082885742 -19737.4973297119 0 0 0 0 0 0 0
"mexico" 0 0 0 0 0 0 -122.426897287369 -471.084415912628 -2913.93136978149 1116.78051948547 607.37156867981 415.337562561035 -2403.09381484985 -4217.13781356812 -2356.21643066406 224.925652146339 165.376484394073 0
"latinamer" 0 106.802433729172 790.81517457962 986.751973628998 2153.88488769531 126.925900578499 4578.76586914062 3489.63737487793 3067.03162193298 1989.72487449646 1133.1729888916 416.249692440033 34558.1741333008 18364.7994995117 7981.2183380127 416.728585958481 279.703229665756 0
"eu27" 0 0 -20.5208584666252 -31171.802520752 -575.070321559906 0 -12142.2939300537 -71405.8380126953 -278025.939941406 -32754.508972168 0 0 0 0 0 0 0 0
"uk" 0 0 -30.9871751815081 -7.63112958520651 0 0 -107.207410037518 -1889.61148262024 -3387.53318786621 0 0 0 0 0 0 0 0 0
"russia" 0 0 0 20999.8474121094 6511.94000244141 429.50177192688 0 78.6848366260529 5642.01927185059 17245.1438903809 2530.51519393921 0 0 0 0 0 0 0
"efta" 0 0 -81.3399404287338 -1013.89372348785 145.360350608826 0 0 0 -604.441165924072 0 0 0 0 0 0 0 0 0
"mena" 0 0 0 3.65533772855997 25.3646858036518 0 0 296.948939561844 8359.73644256592 14170.7439422607 3941.90788269043 12.591116130352 0 0 0 0 0 0
"ssa" 0 0 0 0 0 0 0 10422.9564666748 6701.28917694092 1171.59581184387 52.5977313518524 0 40319.5686340332 59302.4368286133 52334.156036377 8256.82926177979 344.290435314178 0
"restofworld" 0 0 5.92482648789883 405.808746814728 1402.64511108398 74.1807967424393 514.53822851181 2574.7594833374 46839.111328125 13117.0673370361 36.9441956281662 0 0 0 0 0 0 0
