"angdrc" 0 0 0 0 0 0 0 0 518.924236297607 462.582558393478 0 0 707.248747348785 3222.72276878357 4029.9220085144 873.282313346863 0 0
"argentina" 0 0 0 27.5663174688816 42.4476191401482 32.5071588158607 468.33461523056 0 274.444222450256 433.811783790588 369.726479053497 39.2876230180264 0 0 0 0 0 0
"bolivia" 0 0 0 0 0 0 -15.8639401197433 -20.3601568937302 -70.974089205265 -161.502063274384 0 0 -255.972802639008 -1809.82577800751 -948.346734046936 -306.940019130707 0 0
"brasil" 0 0 0 0 0 0 -618.005335330963 0 0 0 0 0 -3019.15454864502 4772.16625213623 580.653786659241 0 0 0
"colombia" 0 0 0 0 0 0 -32.8927561640739 1.3174032792449 0 0 0 0 1693.31908226013 2.30193790048361 -1.59928714856505 0 0 0
"ghana" 0 0 0 0 0 0 0 0 0 0 0 0 27238.3041381836 27642.9042816162 303.704619407654 0 0 0
"ivorycoast" 0 0 0 0 0 0 0 0 0 0 0 0 65139.8620605469 9762.9976272583 -786.381840705872 0 0 0
"indonesia" 0 0 0 0 0 0 0 0 0 0 0 0 424.560964107513 11.3067347556353 -14.9614941328764 0 0 0
"madagascar" 0 0 0 0 0 0 0 0 0 0 0 0 23916.690826416 1534.79075431824 837.196826934814 0 0 0
"malasya" 0 0 0 0 0 0 0 0 0 0 0 0 605.466604232788 0 0 0 0 0
"mozambique" 0 0 0 0 0 0 0 0 0 0 0 0 0 1452.36504077911 3086.81488037109 879.038095474243 0 0
"myanmar" 0 0 0 0 0 0 90.9149646759033 760.204553604126 0 0 0 0 0 2076.71570777893 886.954069137573 0 0 0
"nigeria" 0 0 0 0 0 0 0 0 0 0 0 0 3964.51234817505 25639.0075683594 1570.1060295105 0 0 0
"paraguay" 0 0 0 0 0 0 29.8522152006626 0 0 0 0 0 -336.134374141693 0 0 0 0 0
"peru" 0 0 0 0 0 0 2388.79632949829 3148.91481399536 1442.86620616913 1670.36414146423 4068.55535507202 226.608872413635 6845.55959701538 763.737380504608 608.352065086365 532.360970973969 289.378941059113 176.507145166397
"uruguay" 0 0 0 0 0 0 0 0 0 0 0 0 0 0 0 0 0 0
"venezuela" 0 0 0 0 0 0 0 0 0 0 0 0 -108.386188745499 -143.592238426208 -26.7193913459778 0 -1.99092505499721 0
"newzealand" 0 0 -18.2489659637213 0 0 0 -2593.16444396973 -1030.59220314026 0 0 0 0 0 0 0 0 0 0
"oceania" 0 0 0 0 0 0 -973.795711994171 -1604.00199890137 -1147.74024486542 -108.346372842789 0 0 -13.6902574449778 -630.622625350952 -80.5344954133034 0 0 0
"china" 0 0 0 1610.48722267151 0 18.027301877737 10755.3939819336 10160.9830856323 7389.564037323 4558.12501907349 15.8040896058083 5.17197884619236 236.661702394485 432.397186756134 0 0 0 0
"japan" 0 0 0 -136.033266782761 0 0 -2268.55063438416 -3042.37937927246 -4576.01261138916 -308.557689189911 0 0 0 0 0 0 0 0
"korea" 0 0 0 0 0 0 0 -812.490105628967 -327.416807413101 0 0 0 0 0 0 0 0 0
"india" 0 0 0 0 0 0 1095.45373916626 493.773877620697 356.837540864944 680.731296539307 211.6719186306 0 0 2998.71039390564 18621.8452453613 10341.6118621826 506.522417068481 0
"eastasia" 0 0 0 416.364252567291 23.3579091727734 0 0 96.9047322869301 7994.02618408203 425.459653139114 0 0 316.532343626022 0 0 0 0 0
"seasia" 0 0 0 0 0 0 1036.24582290649 398.476779460907 3.01944767124951 0 0 0 11308.5975646973 9536.94152832031 7674.2901802063 0 0 0
"southasia" 0 0 0 0 0 0 0 69.040909409523 721.408128738403 0.88112975936383 0.0683551697875373 0 387.56388425827 2305.93395233154 1077.62944698334 0 0 0
"us" 0 0 0 0.443911121692508 81.0352191329002 20.6291731446981 -26833.9538574219 -29793.270111084 -49989.4866943359 -4889.62364196777 -3794.63291168213 192.499309778214 0 0 0 0 0 0
"canada" 0 0 -781.160354614258 -30464.9047851562 -9374.52983856201 0 0 -280.529797077179 -56798.5916137695 -99419.0826416016 -18891.8762207031 0 0 0 0 0 0 0
"mexico" 0 0 0 0 0 0 -119.487807154655 -460.74640750885 -2808.23278427124 1294.13402080536 658.479452133179 435.309171676636 -2381.09111785889 -4152.91690826416 -2219.36798095703 420.619904994965 177.915811538696 0
"latinamer" 0 108.749136328697 805.136740207672 1004.78339195251 2193.41421127319 129.258424043655 4658.26368331909 3547.65319824219 3121.16861343384 2025.13551712036 1153.81264686584 423.89589548111 35107.7346801758 18662.7388000488 8107.31983184814 423.64227771759 283.986568450928 0
"eu27" 0 0 -20.4378291964531 -31453.2203674316 -565.470993518829 0 -12154.5925140381 -71424.3469238281 -278109.954833984 -32646.2707519531 0 0 0 0 0 0 0 0
"uk" 0 0 -26.1050015687943 -7.23176077008247 0 0 -106.446251273155 -1881.35170936584 -3373.28028678894 0 0 0 0 0 0 0 0 0
"russia" 0 0 0 22527.3704528809 6969.27261352539 460.587561130524 0 84.3440592288971 6032.16075897217 18447.0443725586 2707.34715461731 0 0 0 0 0 0 0
"efta" 0 0 -79.6627327799797 -996.830224990845 152.912899851799 0 0 0 -577.372074127197 0 0 0 0 0 0 0 0 0
"mena" 0 0 0 3.91598977148533 27.2814072668552 0 0 322.877645492554 9168.21956634521 15453.3348083496 4217.13352203369 13.2580744102597 0 0 0 0 0 0
"ssa" 0 0 0 0 0 0 0 11631.0997009277 7519.23561096191 1323.3323097229 59.4574734568596 0 45047.4700927734 66328.6514282227 58888.9656066895 9377.13813781738 388.553559780121 0
"restofworld" 0 0 6.09132368117571 418.093621730804 1445.5668926239 76.4380618929863 530.787587165833 2654.99258041382 48344.841003418 13520.923614502 38.0686521530151 0 0 0 0 0 0 0
