"angdrc" 0 0 0 0 0 0 0 0 518.029451370239 461.605846881866 0 0 710.349917411804 3224.15614128113 4022.64881134033 871.301889419556 0 0
"argentina" 0 0 0 28.5590272396803 43.9790189266205 33.6808413267136 479.259014129639 0 267.481863498688 436.492025852203 381.529361009598 40.7046750187874 0 0 0 0 0 0
"bolivia" 0 0 0 0 0 0 -12.2318305075169 -12.8089971840382 -51.4273606240749 -117.119945585728 0 0 -188.741654157639 -1461.96675300598 -768.847584724426 -232.971966266632 0 0
"brasil" 0 0 0 0 0 0 -508.107423782349 0 0 0 0 0 -2312.14118003845 5082.63731002808 633.667945861816 0 0 0
"colombia" 0 0 0 0 0 0 -292.281091213226 -6.88841706141829 0 0 0 0 -891.177654266357 -106.23599588871 -7.92575348168612 0 0 0
"ghana" 0 0 0 0 0 0 0 0 0 0 0 0 27234.3559265137 27633.7356567383 303.517639636993 0 0 0
"ivorycoast" 0 0 0 0 0 0 0 0 0 0 0 0 65409.2102050781 9819.64874267578 -787.769198417664 0 0 0
"indonesia" 0 0 0 0 0 0 0 0 0 0 0 0 570.099592208862 12.7155194059014 -18.1212536990643 0 0 0
"madagascar" 0 0 0 0 0 0 0 0 0 0 0 0 23948.9212036133 1536.43488883972 838.054299354553 0 0 0
"malasya" 0 0 0 0 0 0 0 0 0 0 0 0 637.723386287689 0 0 0 0 0
"mozambique" 0 0 0 0 0 0 0 0 0 0 0 0 0 1444.18549537659 3066.7552947998 873.327732086182 0 0
"myanmar" 0 0 0 0 0 0 93.1045264005661 778.488516807556 0 0 0 0 0 2125.91457366943 907.055735588074 0 0 0
"nigeria" 0 0 0 0 0 0 0 0 0 0 0 0 3975.52156448364 25698.0628967285 1574.22757148743 0 0 0
"paraguay" 0 0 0 0 0 0 29.4674951583147 0 0 0 0 0 -315.201759338379 0 0 0 0 0
"peru" 0 0 0 0 0 0 2403.09810638428 3167.40417480469 1452.12316513062 1679.27896976471 4083.50706100464 227.788716554642 6846.67205810547 782.719850540161 616.493225097656 539.838433265686 289.851784706116 177.288830280304
"uruguay" 0 0 0 0 0 0 0 0 0 0 0 0 0 0 0 0 0 0
"venezuela" 0 0 0 0 0 0 0 0 0 0 0 0 -59.0677969157696 -82.9520374536514 -14.9810891598463 0 -1.25011894851923 0
"newzealand" 0 0 -18.3704625815153 0 0 0 -2598.06632995605 -1033.09679031372 0 0 0 0 0 0 0 0 0 0
"oceania" 0 0 0 0 0 0 -970.311522483826 -1600.48651695251 -1145.58696746826 -108.135238289833 0 0 -13.5967172682285 -626.895904541016 -80.3461372852325 0 0 0
"china" 0 0 0 1633.54825973511 0 17.9980024695396 10955.7409286499 10447.5860595703 7591.17031097412 4612.6914024353 15.8086642622948 5.15594892203808 243.075102567673 438.665807247162 0 0 0 0
"japan" 0 0 0 -135.192692279816 0 0 -2254.84228134155 -3023.6291885376 -4547.40905761719 -306.641638278961 0 0 0 0 0 0 0 0
"korea" 0 0 0 0 0 0 0 -811.881124973297 -327.203810214996 0 0 0 0 0 0 0 0 0
"india" 0 0 0 0 0 0 1110.7063293457 500.665307044983 361.368358135223 689.090728759766 214.262813329697 0 0 3038.65694999695 18863.8515472412 10471.5957641602 512.404143810272 0
"eastasia" 0 0 0 424.024283885956 22.2927164286375 0 0 103.313595056534 8456.95209503174 443.880796432495 0 0 332.876473665237 0 0 0 0 0
"seasia" 0 0 0 0 0 0 1060.46915054321 407.416224479675 3.07619757950306 0 0 0 11574.2921829224 9744.18640136719 7820.85227966309 0 0 0
"southasia" 0 0 0 0 0 0 0 71.3377743959427 741.069316864014 0.89858309365809 0.0569927688047756 0 411.173582077026 2375.30851364136 1109.17711257935 0 0 0
"us" 0 0 0 0.348716537700966 56.1331808567047 18.2569231837988 -26664.2417907715 -29612.2550964355 -49726.5853881836 -4954.04815673828 -3932.53397941589 166.783675551414 0 0 0 0 0 0
"canada" 0 0 -766.712307929993 -29884.1381072998 -9192.78621673584 0 0 -274.993240833282 -56143.7835693359 -97751.3427734375 -18446.2242126465 0 0 0 0 0 0 0
"mexico" 0 0 0 0 0 0 -121.809855103493 -468.834102153778 -2865.78893661499 1343.61577033997 679.271221160889 447.706878185272 -2423.5258102417 -4225.03852844238 -2244.22121047974 447.984218597412 183.292791247368 0
"latinamer" 0 107.650563120842 796.867489814758 994.48037147522 2171.06866836548 127.965867519379 4605.18550872803 3514.24217224121 3089.76173400879 2003.78704071045 1141.9951915741 419.636785984039 34803.3676147461 18502.9926300049 8049.7875213623 419.158458709717 280.665636062622 0
"eu27" 0 0 -20.5949116498232 -31655.8647155762 -569.032788276672 0 -12225.2941131592 -71903.4652709961 -279962.463378906 -32870.6436157227 0 0 0 0 0 0 0 0
"uk" 0 0 -28.9863534271717 -7.54833500832319 0 0 -108.446776866913 -1912.95254230499 -3429.35752868652 0 0 0 0 0 0 0 0 0
"russia" 0 0 0 21500.9002685547 6659.52301025391 435.074418783188 0 80.6341767311096 5792.29831695557 17671.7586517334 2586.82012557983 0 0 0 0 0 0 0
"efta" 0 0 -79.9748748540878 -1000.38480758667 154.390424489975 0 0 0 -577.236652374268 0 0 0 0 0 0 0 0 0
"mena" 0 0 0 3.95989697426558 27.5768749415874 0 0 326.175510883331 9255.47790527344 15611.6313934326 4263.82160186768 13.4165249764919 0 0 0 0 0 0
"ssa" 0 0 0 0 0 0 0 11687.6964569092 7551.45454406738 1328.23395729065 59.6648342907429 0 45243.9994812012 66622.7416992188 59127.3918151855 9412.24479675293 389.992326498032 0
"restofworld" 0 0 6.09491113573313 419.238984584808 1449.37193393707 76.6312777996063 532.890260219574 2665.64416885376 48497.7188110352 13555.9940338135 38.1573364138603 0 0 0 0 0 0 0
