"angdrc" 0 0 0 0 0 0 0 0 512.858510017395 458.570033311844 0 0 685.359537601471 3161.94653511047 3986.5608215332 867.111086845398 0 0
"argentina" 0 0 0 37.7993509173393 58.2304708659649 44.6052700281143 920.710980892181 0 756.39146566391 739.024519920349 510.44237613678 53.4462109208107 0 0 0 0 0 0
"bolivia" 0 0 0 0 0 0 0.82491512876004 9.08542238175869 14.9202449247241 26.4620203524828 0 0 38.5245382785797 -38.8275571167469 64.0277117490768 58.6050376296043 0 0
"brasil" 0 0 0 0 0 0 1158.44750404358 0 0 0 0 0 5865.56053161621 7651.88407897949 1003.1909942627 0 0 0
"colombia" 0 0 0 0 0 0 -174.801185727119 -3.96949518471956 0 0 0 0 -446.212232112885 -62.5410079956055 -4.75510396063328 0 0 0
"ghana" 0 0 0 0 0 0 0 0 0 0 0 0 27119.213104248 27578.6399841309 303.968608379364 0 0 0
"ivorycoast" 0 0 0 0 0 0 0 0 0 0 0 0 38191.0552978516 4482.15532302856 -626.974105834961 0 0 0
"indonesia" 0 0 0 0 0 0 0 0 0 0 0 0 2177.47640609741 64.4641891121864 103.546798229218 0 0 0
"madagascar" 0 0 0 0 0 0 0 0 0 0 0 0 18098.4001159668 1167.36483573914 637.665927410126 0 0 0
"malasya" 0 0 0 0 0 0 0 0 0 0 0 0 -199.905201792717 0 0 0 0 0
"mozambique" 0 0 0 0 0 0 0 0 0 0 0 0 0 950.493931770325 2014.39070701599 575.948178768158 0 0
"myanmar" 0 0 0 0 0 0 69.6365237236023 570.484697818756 0 0 0 0 0 1563.30466270447 654.139578342438 0 0 0
"nigeria" 0 0 0 0 0 0 0 0 0 0 0 0 2919.20018196106 19211.6374969482 1148.41103553772 0 0 0
"paraguay" 0 0 0 0 0 0 64.5090565085411 0 0 0 0 0 -58.2573786377907 0 0 0 0 0
"peru" 0 0 0 0 0 0 1360.36217212677 1784.86466407776 821.46281003952 947.974681854248 2293.35379600525 128.892675042152 3615.35501480103 443.560004234314 351.315498352051 307.555377483368 162.823170423508 100.007705390453
"uruguay" 0 0 0 0 0 0 0 0 0 0 0 0 0 0 0 0 0 0
"venezuela" 0 0 0 0 0 0 0 0 0 0 0 0 -19.5117425173521 -33.1939235329628 -5.35094644874334 0 -0.620520208030939 0
"newzealand" 0 0 6.37196190655231 0 0 0 1422.14107513428 540.473997592926 0 0 0 0 0 0 0 0 0 0
"oceania" 0 0 0 0 0 0 663.30349445343 995.621919631958 766.786336898804 68.7923952937126 0 0 12.3338680714369 532.444953918457 49.1908714175224 0 0 0
"china" 0 0 0 818.076014518738 0 6.76999986171722 5505.52082061768 6048.61450195312 4310.89687347412 2141.77441596985 6.24391157180071 1.92487821914256 129.880487918854 208.361387252808 0 0 0 0
"japan" 0 0 0 -224.82043504715 0 0 -3753.22914123535 -5019.99282836914 -7613.27362060547 -510.350823402405 0 0 0 0 0 0 0 0
"korea" 0 0 0 0 0 0 0 -1601.6640663147 -647.56715297699 0 0 0 0 0 0 0 0 0
"india" 0 0 0 0 0 0 840.79897403717 381.559193134308 285.243153572083 518.216848373413 159.641116857529 0 0 2256.88028335571 14276.0753631592 7971.84371948242 416.602313518524 0
"eastasia" 0 0 0 707.008302211761 94.9693471193314 0 0 72.1900016069412 6280.66635131836 625.158190727234 0 0 256.536066532135 0 0 0 0 0
"seasia" 0 0 0 0 0 0 644.716680049896 243.04187297821 1.98659882880747 0 0 0 6942.1911239624 5970.77417373657 5017.62104034424 0 0 0
"southasia" 0 0 0 0 0 0 0 71.1594671010971 747.793793678284 1.04586500674486 0.210460144444369 0 338.310837745667 2163.44213485718 1015.32387733459 0 0 0
"us" 0 0 0 3.70244751684368 1051.53715610504 90.3740227222443 23136.2457275391 26242.2065734863 45118.6065673828 5698.20594787598 10152.4658203125 1068.90225410461 0 0 0 0 0 0
"canada" 0 0 612.296521663666 23392.2958374023 7079.19025421143 0 0 217.061638832092 41616.2490844727 74200.3173828125 16018.5012817383 0 0 0 0 0 0 0
"mexico" 0 0 0 0 0 0 52.0609840750694 207.817286252975 1175.01330375671 -372.913241386414 -226.033627986908 -155.179232358932 1039.19625282288 1853.21664810181 1108.07681083679 -17.5146851688623 -63.9575198292732 0
"latinamer" 0 62.0050877332687 456.481456756592 572.791814804077 1253.8731098175 74.0282759070396 2534.89017486572 1919.92247104645 1738.0895614624 1127.14743614197 654.451549053192 242.251679301262 18798.6888885498 10038.4464263916 4382.6379776001 225.386500358582 143.741577863693 0
"eu27" 0 0 -25.9975250810385 -39139.2364501953 -690.996408462524 0 -14739.2530441284 -88722.2442626953 -348077.026367188 -41113.037109375 0 0 0 0 0 0 0 0
"uk" 0 0 -93.2227671146393 -14.5527636632323 0 0 -156.125202775002 -2692.53921508789 -4811.71417236328 0 0 0 0 0 0 0 0 0
"russia" 0 0 0 16246.7250823975 5408.40816497803 355.329573154449 0 63.3368194103241 4826.07173919678 14519.9871063232 2100.87585449219 0 0 0 0 0 0 0
"efta" 0 0 -94.7055146098137 -1175.59576034546 220.292568206787 0 0 0 -590.418100357056 0 0 0 0 0 0 0 0 0
"mena" 0 0 0 3.49321821704507 23.1544934213161 0 0 256.03711605072 6749.57656860352 12127.2354125977 3968.40810775757 14.4879268482327 0 0 0 0 0 0
"ssa" 0 0 0 0 0 0 0 9257.08293914795 6059.67617034912 1089.75780010223 49.3294559419155 0 36505.184173584 53141.0942077637 47587.043762207 7747.31349945068 320.032894611359 0
"restofworld" 0 0 5.69553393870592 419.629514217377 1436.51235103607 77.5357559323311 488.281160593033 2489.55321311951 42646.1906433105 12666.3408279419 37.9411652684212 0 0 0 0 0 0 0
