"angdrc" 0 0 0 0 0 0 0 0 324.369490146637 284.460008144379 0 0 528.517603874207 2161.14377975464 2525.39420127869 537.396669387817 0 0
"argentina" 0 0 0 43.9691729843616 67.6694363355637 52.1414205431938 -146.294817328453 0 -913.071036338806 -38.0557589232922 498.970478773117 59.7418770194054 0 0 0 0 0 0
"bolivia" 0 0 0 0 0 0 -0.0825212337076664 16.0339660942554 22.0432728528976 43.073046952486 0 0 48.5349223017693 -291.652500629425 -1.95853412151337 87.1281996369362 0 0
"brasil" 0 0 0 0 0 0 -34174.7589111328 0 0 0 0 0 -244653.839111328 -61901.050567627 -15985.8875274658 0 0 0
"colombia" 0 0 0 0 0 0 -396.447509527206 -9.98050905764103 0 0 0 0 -1783.26976299286 -147.952109575272 -10.4796001687646 0 0 0
"ghana" 0 0 0 0 0 0 0 0 0 0 0 0 2474.31349754333 2634.84811782837 33.3424918353558 0 0 0
"ivorycoast" 0 0 0 0 0 0 0 0 0 0 0 0 69449.0203857422 11758.1815719604 -652.505934238434 0 0 0
"indonesia" 0 0 0 0 0 0 0 0 0 0 0 0 193.076431751251 18.914345651865 44.6505174040794 0 0 0
"madagascar" 0 0 0 0 0 0 0 0 0 0 0 0 25063.7550354004 1626.90484523773 888.98366689682 0 0 0
"malasya" 0 0 0 0 0 0 0 0 0 0 0 0 201.686948537827 0 0 0 0 0
"mozambique" 0 0 0 0 0 0 0 0 0 0 0 0 0 3201.63893699646 6883.50963592529 1980.94868659973 0 0
"myanmar" 0 0 0 0 0 0 150.834590196609 1242.70915985107 0 0 0 0 0 3484.78055000305 1415.38333892822 0 0 0
"nigeria" 0 0 0 0 0 0 0 0 0 0 0 0 3756.96301460266 24513.8816833496 1460.83211898804 0 0 0
"paraguay" 0 0 0 0 0 0 -586.562752723694 0 0 0 0 0 -1387.9337310791 0 0 0 0 0
"peru" 0 0 0 0 0 0 2724.3115901947 3583.23621749878 1644.91653442383 1901.97265148163 4621.43898010254 258.430331945419 7536.50379180908 874.303579330444 696.804761886597 609.743177890778 328.186005353928 200.939029455185
"uruguay" 0 0 0 0 0 0 0 0 0 0 0 0 0 0 0 0 0 0
"venezuela" 0 0 0 0 0 0 0 0 0 0 0 0 -1948.69029521942 -2406.20732307434 -465.974986553192 0 -29.5755434781313 0
"newzealand" 0 0 -22.5822888314724 0 0 0 -3071.30074501038 -1226.96173191071 0 0 0 0 0 0 0 0 0 0
"oceania" 0 0 0 0 0 0 -1390.22064208984 -2415.39144515991 -1744.09151077271 -162.142306566238 0 0 -16.4152104407549 -788.958072662354 -114.636182785034 0 0 0
"china" 0 0 0 -183.826148509979 0 14.8577205836773 -1929.36074733734 -7190.1159286499 -5176.14412307739 593.706369400024 11.171942576766 4.41583245992661 -129.552453756332 -10.7788555324078 0 0 0 0
"japan" 0 0 0 -105.081409215927 0 0 -1748.92008304596 -2336.03596687317 -3518.87178421021 -237.79721558094 0 0 0 0 0 0 0 0
"korea" 0 0 0 0 0 0 0 -618.973731994629 -238.831982016563 0 0 0 0 0 0 0 0 0
"india" 0 0 0 0 0 0 1238.91234397888 603.981256484985 484.065055847168 764.547288417816 265.509992837906 0 0 3452.13007926941 22839.1532897949 13804.2631149292 1008.36789608002 0
"eastasia" 0 0 0 811.108648777008 63.3575096726418 0 0 193.118900060654 14569.6601867676 871.888220310211 0 0 585.810482501984 0 0 0 0 0
"seasia" 0 0 0 0 0 0 1817.97409057617 680.60576915741 4.43362444639206 0 0 0 19106.6665649414 16663.5780334473 11515.7012939453 0 0 0
"southasia" 0 0 0 0 0 0 0 85.0677788257599 872.083008289337 1.1066400911659 0.132768676849082 0 479.691743850708 2781.09121322632 1291.66126251221 0 0 0
"us" 0 0 0 3.7517452146858 987.470090389252 108.363516628742 -38444.2939758301 -41776.0124206543 -82906.8298339844 -5277.17971801758 89.8196697235107 1101.80723667145 0 0 0 0 0 0
"canada" 0 0 -1205.286860466 -47261.4784240723 -14417.5453186035 0 0 -399.324834346771 -85593.6126708984 -152651.489257812 -28119.4267272949 0 0 0 0 0 0 0
"mexico" 0 0 0 0 0 0 -130.228713154793 -504.229307174683 -3181.21528625488 968.801438808441 576.679229736328 414.248257875443 -2538.44690322876 -4567.23356246948 -2728.81841659546 45.9163747727871 160.313457250595 0
"latinamer" 0 110.646292567253 821.150302886963 1022.13180065155 2228.31773757935 131.21198117733 4824.4833946228 3713.7463092804 3212.88776397705 2082.52263069153 1175.88186264038 430.619537830353 36897.9797363281 19634.2315673828 8544.23999786377 444.15557384491 300.616353750229 0
"eu27" 0 0 -22.7656476199627 -33985.1455688477 -650.885164737701 0 -13324.2645263672 -78600.2883911133 -307373.016357422 -36290.0543212891 0 0 0 0 0 0 0 0
"uk" 0 0 3.46981128677726 -5.17089571803808 0 0 -108.079500496387 -1953.57918739319 -3509.60874557495 0 0 0 0 0 0 0 0 0
"russia" 0 0 0 22918.7602996826 7418.46323013306 494.644075632095 0 88.9473631978035 6542.78945922852 19815.4487609863 2870.13292312622 0 0 0 0 0 0 0
"efta" 0 0 -78.5528048872948 -992.819309234619 201.047495007515 0 0 0 -485.163301229477 0 0 0 0 0 0 0 0 0
"mena" 0 0 0 3.53445205837488 23.996451869607 0 0 257.883459329605 7207.0484161377 12958.2948684692 3888.47255706787 13.2744628936052 0 0 0 0 0 0
"ssa" 0 0 0 0 0 0 0 13584.602355957 9296.35620117188 1700.49667358398 77.8767913579941 0 54702.8694152832 80061.3632202148 74560.8367919922 12199.7585296631 501.77264213562 0
"restofworld" 0 0 6.44574081525207 463.728576898575 1601.45485401154 85.4535102844238 570.517003536224 2857.38015174866 51103.2676696777 14567.4095153809 42.1733893454075 0 0 0 0 0 0 0
