"angdrc" 0 0 0 0 0 0 0 0 811.862587928772 729.534029960632 0 0 1015.46597480774 4891.28684997559 6313.48848342896 1380.93340396881 0 0
"argentina" 0 0 0 46.6565564274788 71.8444734811783 55.0661869347095 615.718424320221 0 121.636398136616 533.887147903442 607.695937156677 66.1234706640244 0 0 0 0 0 0
"bolivia" 0 0 0 0 0 0 -35.1255871355534 -69.8332041501999 -197.836935520172 -434.749394655228 0 0 -648.88197183609 -3707.07988739014 -2430.0217628479 -930.30971288681 0 0
"brasil" 0 0 0 0 0 0 7511.65962219238 0 0 0 0 0 42211.1549377441 13813.7321472168 2513.63587379456 0 0 0
"colombia" 0 0 0 0 0 0 -10602.7898788452 -318.23056936264 0 0 0 0 -96441.276550293 -4270.53737640381 -257.540822029114 0 0 0
"ghana" 0 0 0 0 0 0 0 0 0 0 0 0 2760.05387306213 2918.81346702576 36.5518294274807 0 0 0
"ivorycoast" 0 0 0 0 0 0 0 0 0 0 0 0 69801.4144897461 12078.3624649048 -617.518663406372 0 0 0
"indonesia" 0 0 0 0 0 0 0 0 0 0 0 0 1254.2370557785 39.3560901284218 20.489513874054 0 0 0
"madagascar" 0 0 0 0 0 0 0 0 0 0 0 0 25598.0014801025 1656.50868415833 904.611229896545 0 0 0
"malasya" 0 0 0 0 0 0 0 0 0 0 0 0 979.064404964447 0 0 0 0 0
"mozambique" 0 0 0 0 0 0 0 0 0 0 0 0 0 3196.76518440247 6850.31843185425 1970.81327438354 0 0
"myanmar" 0 0 0 0 0 0 150.642544031143 1253.35490703583 0 0 0 0 0 3514.94836807251 1431.57517910004 0 0 0
"nigeria" 0 0 0 0 0 0 0 0 0 0 0 0 4020.73907852173 26053.3256530762 1582.23938941956 0 0 0
"paraguay" 0 0 0 0 0 0 65.5917972326279 0 0 0 0 0 -233.870059251785 0 0 0 0 0
"peru" 0 0 0 0 0 0 -43900.8712768555 -55518.8064575195 -26099.3919372559 -29863.8687133789 -71266.1285400391 -4190.96040725708 -35207.5729370117 -10217.6275253296 -11534.294128418 -9488.56067657471 -5234.8313331604 -3181.2846660614
"uruguay" 0 0 0 0 0 0 0 0 0 0 0 0 0 0 0 0 0 0
"venezuela" 0 0 0 0 0 0 0 0 0 0 0 0 14.6244149655104 9.37915034592152 2.67533888109028 0 -0.0864235335029662 0
"newzealand" 0 0 -13.0125908181071 0 0 0 -2231.35423660278 -869.515240192413 0 0 0 0 0 0 0 0 0 0
"oceania" 0 0 0 0 0 0 -1189.21267986298 -2009.32860374451 -1469.7744846344 -136.66769862175 0 0 -15.4187018051744 -722.871899604797 -94.5872366428375 0 0 0
"china" 0 0 0 47.0221564173698 0 17.9923046380281 -812.399864196777 -6310.03618240356 -4456.48908615112 1215.96252918243 13.8950534164906 5.34569146111608 -115.639954805374 29.0113650262356 0 0 0 0
"japan" 0 0 0 -101.903513073921 0 0 -1696.11215591431 -2265.10334014893 -3411.33236885071 -230.604618787766 0 0 0 0 0 0 0 0
"korea" 0 0 0 0 0 0 0 -596.596956253052 -233.77338051796 0 0 0 0 0 0 0 0 0
"india" 0 0 0 0 0 0 1480.11374473572 715.153157711029 619.687914848328 875.557065010071 330.723762512207 0 0 3927.3202419281 26297.2259521484 16378.6849975586 1252.62439250946 0
"eastasia" 0 0 0 832.492649555206 67.5594210624695 0 0 185.724481940269 14187.1957778931 867.770075798035 0 0 571.090877056122 0 0 0 0 0
"seasia" 0 0 0 0 0 0 1817.91138648987 696.459054946899 4.52815927565098 0 0 0 19995.8610534668 16661.7050170898 11760.0288391113 0 0 0
"southasia" 0 0 0 0 0 0 0 101.681932806969 1045.58920860291 1.42587651498616 0.274111633189023 0 528.148174285889 3218.21069717407 1487.0126247406 0 0 0
"us" 0 0 0 2.9759593307972 775.718331336975 88.5408371686935 -37573.1658935547 -40570.5337524414 -79337.6159667969 -5624.76062774658 -1145.98786830902 885.448813438416 0 0 0 0 0 0
"canada" 0 0 -1171.74506187439 -45943.1991577148 -14084.7434997559 0 0 -423.74974489212 -84109.6954345703 -149069.366455078 -27697.2770690918 0 0 0 0 0 0 0
"mexico" 0 0 0 0 0 0 -133.376955986023 -513.283848762512 -3258.25762748718 1123.67248535156 635.419130325317 444.525539875031 -2590.3000831604 -4630.6619644165 -2686.04135513306 162.635609507561 175.145640969276 0
"latinamer" 0 120.71368098259 892.224073410034 1114.71390724182 2435.57929992676 143.710881471634 5101.4986038208 3867.95258522034 3440.05155563354 2234.84134674072 1279.89077568054 471.173822879791 38024.3988037109 20304.5902252197 8791.30554199219 461.26452088356 302.855640649796 0
"eu27" 0 0 -21.0658498108387 -32323.5664367676 -570.289134979248 0 -12334.7034454346 -73623.664855957 -288936.492919922 -33646.4042663574 0 0 0 0 0 0 0 0
"uk" 0 0 2.92117753997445 -5.11725433170795 0 0 -106.433302164078 -1920.22371292114 -3449.62882995605 0 0 0 0 0 0 0 0 0
"russia" 0 0 0 33255.3901672363 10759.4509124756 723.850905895233 0 128.035426139832 9421.26369476318 28638.9350891113 4181.19049072266 0 0 0 0 0 0 0
"efta" 0 0 -75.9913697838783 -960.859000682831 187.461823225021 0 0 0 -484.249770641327 0 0 0 0 0 0 0 0 0
"mena" 0 0 0 4.28566290065646 29.2191505432129 0 0 336.625695228577 9294.20280456543 16098.1521606445 4749.23133850098 16.0025060176849 0 0 0 0 0 0
"ssa" 0 0 0 0 0 0 0 14318.977355957 9800.950050354 1778.13494205475 81.0980498790741 0 57284.4390869141 84087.3641967773 78694.4122314453 12815.8092498779 524.054765701294 0
"restofworld" 0 0 7.29510653764009 508.529305458069 1760.03837585449 93.4185832738876 638.417840003967 3193.34697723389 57927.8106689453 16334.2609405518 46.3727414608002 0 0 0 0 0 0 0
