"angdrc" 0 0 0 0 0 0 0 0 745.745480060577 660.45743227005 0 0 1202.32737064362 4930.86385726929 5770.03192901611 1239.577293396 0 0
"argentina" 0 0 0 49.0342080593109 75.5128711462021 57.8723140060902 623.077273368835 0 60.6087408959866 509.850203990936 638.368546962738 69.4422200322151 0 0 0 0 0 0
"bolivia" 0 0 0 0 0 0 -7.77322333306074 -6.16963626816869 -30.7572335004807 -72.9935616254807 0 0 -114.471115171909 -977.271795272827 -524.109244346619 -153.965219855309 0 0
"brasil" 0 0 0 0 0 0 6029.76942062378 0 0 0 0 0 33253.1585693359 14349.2593765259 2409.70373153687 0 0 0
"colombia" 0 0 0 0 0 0 -168.136328458786 -3.27802845276892 0 0 0 0 100.861385464668 -56.6716454923153 -4.81796311214566 0 0 0
"ghana" 0 0 0 0 0 0 0 0 0 0 0 0 2704.00738716125 2669.02422904968 30.423304066062 0 0 0
"ivorycoast" 0 0 0 0 0 0 0 0 0 0 0 0 64803.1005859375 10391.9315338135 -688.476085662842 0 0 0
"indonesia" 0 0 0 0 0 0 0 0 0 0 0 0 3021.41857147217 110.682241618633 216.949760913849 0 0 0
"madagascar" 0 0 0 0 0 0 0 0 0 0 0 0 24494.7624206543 1578.42552661896 861.438930034637 0 0 0
"malasya" 0 0 0 0 0 0 0 0 0 0 0 0 -215.395957231522 0 0 0 0 0
"mozambique" 0 0 0 0 0 0 0 0 0 0 0 0 0 2559.82255935669 5426.01299285889 1561.23280525208 0 0
"myanmar" 0 0 0 0 0 0 136.973485350609 1119.69983577728 0 0 0 0 0 3153.65958213806 1267.73011684418 0 0 0
"nigeria" 0 0 0 0 0 0 0 0 0 0 0 0 3703.96709442139 24062.2882843018 1450.62208175659 0 0 0
"paraguay" 0 0 0 0 0 0 108.935579657555 0 0 0 0 0 -32.5809679925442 0 0 0 0 0
"peru" 0 0 0 0 0 0 2229.47311401367 2938.91286849976 1347.21887111664 1557.60669708252 3787.08100318909 211.277678608894 6368.23511123657 729.739248752594 572.900295257568 501.706600189209 268.973529338837 164.448261260986
"uruguay" 0 0 0 0 0 0 0 0 0 0 0 0 0 0 0 0 0 0
"venezuela" 0 0 0 0 0 0 0 0 0 0 0 0 158.038705587387 184.634774923325 36.8382334709167 0 2.03681783750653 0
"newzealand" 0 0 23.0496879667044 0 0 0 3530.19952774048 1388.35120201111 0 0 0 0 0 0 0 0 0 0
"oceania" 0 0 0 0 0 0 2053.13110351562 3561.45811080933 2625.81491470337 243.560016155243 0 0 26.924779638648 1244.60816383362 172.16968536377 0 0 0
"china" 0 0 0 -2222.97716140747 0 -14.1621055081487 -13500.7495880127 -15822.850227356 -12068.3326721191 -5353.05023193359 -13.6210862547159 -4.09699371084571 -331.627249717712 -502.832293510437 0 0 0 0
"japan" 0 0 0 -131.953299045563 0 0 -2194.50998306274 -2923.92826080322 -4423.99215698242 -298.542141914368 0 0 0 0 0 0 0 0
"korea" 0 0 0 0 0 0 0 -900.810837745667 -360.980570316315 0 0 0 0 0 0 0 0 0
"india" 0 0 0 0 0 0 1425.44054985046 677.011251449585 582.592725753784 895.292639732361 319.990158081055 0 0 3748.39782714844 25033.3824157715 15292.8466796875 1103.12223434448 0
"eastasia" 0 0 0 842.494010925293 78.8513422012329 0 0 168.089330196381 12798.6221313477 845.459401607513 0 0 527.18460559845 0 0 0 0 0
"seasia" 0 0 0 0 0 0 1575.21867752075 597.132503986359 3.95805668085814 0 0 0 17078.9375305176 14441.7009353638 10259.6015930176 0 0 0
"southasia" 0 0 0 0 0 0 0 124.644927680492 1269.78898048401 1.78457086440176 0.259221764281392 0 550.48543214798 3669.72160339355 1736.95802688599 0 0 0
"us" 0 0 0 1.75659137312323 428.397953510284 56.673638522625 -38776.8859863281 -42938.8389587402 -86469.7647094727 -6554.38470840454 -3938.47131729126 524.426579475403 0 0 0 0 0 0
"canada" 0 0 2261.73162460327 84854.248046875 24967.565536499 0 0 673.478722572327 146674.911499023 260692.626953125 59049.488067627 0 0 0 0 0 0 0
"mexico" 0 0 0 0 0 0 166.763782501221 640.276968479156 3798.96712303162 946.462094783783 18.4746086597443 -151.342436671257 2952.98147201538 5161.34309768677 3891.30973815918 2168.06888580322 -12.3105542734265 0
"latinamer" 0 103.938765823841 767.549991607666 959.637939929962 2097.52583503723 123.804278671741 4351.46379470825 3303.82513999939 2951.17259025574 1916.96166992188 1100.74520111084 405.72127699852 32390.983581543 17346.7979431152 7529.57057952881 392.850458621979 255.770176649094 0
"eu27" 0 0 -21.8841936439276 -33469.9897766113 -585.826337337494 0 -12654.4342041016 -76241.7221069336 -301601.959228516 -35099.3576049805 0 0 0 0 0 0 0 0
"uk" 0 0 -27.9374718666077 -7.91287235915661 0 0 -119.740851223469 -2126.56307220459 -3815.14692306519 0 0 0 0 0 0 0 0 0
"russia" 0 0 0 28271.0361480713 9034.99412536621 605.483531951904 0 107.935562729836 7882.90119171143 23995.8362579346 3507.40194320679 0 0 0 0 0 0 0
"efta" 0 0 -80.2496671676636 -1008.55219364166 196.371167898178 0 0 0 -504.218399524689 0 0 0 0 0 0 0 0 0
"mena" 0 0 0 4.54592797905207 31.166298314929 0 0 364.086210727692 10157.2895050049 17359.4551086426 5060.64891815186 16.8190952390432 0 0 0 0 0 0
"ssa" 0 0 0 0 0 0 0 13779.3464660645 9246.62685394287 1642.80498027802 74.1867199540138 0 53834.1026306152 79487.1292114258 73687.1643066406 11828.6437988281 482.576668262482 0
"restofworld" 0 0 7.06004537642002 487.078130245209 1685.55235862732 89.3732756376266 615.310251712799 3074.79047775269 56118.8049316406 15709.4211578369 44.4306544959545 0 0 0 0 0 0 0
