"angdrc" 0 0 0 0 0 0 0 0 138.40925693512 150.548502802849 0 0 -411.463618278503 -125.433072447777 1147.53496646881 311.305344104767 0 0
"argentina" 0 0 0 76.3251334428787 117.496699094772 90.3332531452179 631.52015209198 0 -302.557677030563 637.659966945648 938.537836074829 105.371318757534 0 0 0 0 0 0
"bolivia" 0 0 0 0 0 0 -8.70750937610865 -23.4144255518913 -59.3011006712914 -120.459377765656 0 0 -180.724143981934 -860.616147518158 -711.374163627625 -290.944576263428 0 0
"brasil" 0 0 0 0 0 0 -10102.8709411621 0 0 0 0 0 -62763.4391784668 -12677.9813766479 -2796.68998718262 0 0 0
"colombia" 0 0 0 0 0 0 -8726.73606872559 -263.234376907349 0 0 0 0 -80439.3692016602 -3521.67248725891 -211.248323321342 0 0 0
"ghana" 0 0 0 0 0 0 0 0 0 0 0 0 -24252.5520324707 -26808.5441589355 -391.432702541351 0 0 0
"ivorycoast" 0 0 0 0 0 0 0 0 0 0 0 0 -148713.195800781 -655691.589355469 -84554.5425415039 0 0 0
"indonesia" 0 0 0 0 0 0 0 0 0 0 0 0 -3661.35859489441 -0.280623149592429 140.11187851429 0 0 0
"madagascar" 0 0 0 0 0 0 0 0 0 0 0 0 403.38322520256 50.3454208374023 29.7651663422585 0 0 0
"malasya" 0 0 0 0 0 0 0 0 0 0 0 0 -2201.93958282471 0 0 0 0 0
"mozambique" 0 0 0 0 0 0 0 0 0 0 0 0 0 489.200055599213 1260.98585128784 365.161538124084 0 0
"myanmar" 0 0 0 0 0 0 -31.8635702133179 -259.387135505676 0 0 0 0 0 -715.314030647278 -283.257812261581 0 0 0
"nigeria" 0 0 0 0 0 0 0 0 0 0 0 0 -73.3682215213776 478.449821472168 -39.4433028995991 0 0 0
"paraguay" 0 0 0 0 0 0 -78.2104581594467 0 0 0 0 0 -68.6895325779915 0 0 0 0 0
"peru" 0 0 0 0 0 0 -43413.8870239258 -54921.1273193359 -25814.2547607422 -29542.8771972656 -70502.4719238281 -4144.02866363525 -35579.3914794922 -10117.9151535034 -11394.2642211914 -9382.61318206787 -5177.27661132812 -3147.0263004303
"uruguay" 0 0 0 0 0 0 0 0 0 0 0 0 0 0 0 0 0 0
"venezuela" 0 0 0 0 0 0 0 0 0 0 0 0 -256.017506122589 -309.362232685089 -61.0515996813774 0 -3.63751756958663 0
"newzealand" 0 0 -2.44785845279694 0 0 0 -402.960896492004 -157.515123486519 0 0 0 0 0 0 0 0 0 0
"oceania" 0 0 0 0 0 0 -296.487301588058 -529.271960258484 -345.923900604248 -34.9718257784843 0 0 -3.18836746737361 -154.47062253952 -25.1424554735422 0 0 0
"china" 0 0 0 1298.66695404053 0 25.4666358232498 7223.15120697021 3258.84437561035 2714.26272392273 4229.98571395874 21.127313375473 7.50128366053104 86.7951065301895 326.531529426575 0 0 0 0
"japan" 0 0 0 -26.5158284455538 0 0 -430.965065956116 -581.574320793152 -879.590153694153 -59.8823800683022 0 0 0 0 0 0 0 0
"korea" 0 0 0 0 0 0 0 -93.2763814926147 -33.0478437244892 0 0 0 0 0 0 0 0 0
"india" 0 0 0 0 0 0 -341.249585151672 -140.325322747231 -130.815833806992 -305.62424659729 -97.4308773875237 0 0 -948.215067386627 -6172.49631881714 -3915.83156585693 -231.748625636101 0
"eastasia" 0 0 0 364.090353250504 91.8316096067429 0 0 -31.1603620648384 -2948.01354408264 192.396432161331 0 0 -46.6347895562649 0 0 0 0 0
"seasia" 0 0 0 0 0 0 -1.25053804367781 -7.26231932640076 0.00753022322896868 0 0 0 -631.685614585876 401.41636133194 107.716470956802 0 0 0
"southasia" 0 0 0 0 0 0 0 -26.9776862114668 -182.122617959976 -0.105665960290935 0.422846467699856 0 -104.721821844578 -602.798819541931 -341.809153556824 0 0 0
"us" 0 0 0 3.71027318760753 1009.59813594818 99.4536951184273 -11024.076461792 -9856.94026947021 -14711.3885879517 62.5157877802849 4928.98607254028 1075.35862922668 0 0 0 0 0 0
"canada" 0 0 -302.25533246994 -11846.3020324707 -3723.81901741028 0 0 -161.917611956596 -23577.4917602539 -40053.2684326172 -7849.22790527344 0 0 0 0 0 0 0
"mexico" 0 0 0 0 0 0 -39.7790260612965 -151.85010433197 -1002.50589847565 580.39128780365 275.361746549606 175.383597612381 -777.911782264709 -1337.81170845032 -646.529376506805 301.302880048752 73.94889742136 0
"latinamer" 0 -6.54942728579044 -50.153736025095 -61.6804957389832 -132.369831204414 -7.55226332694292 -355.708181858063 -289.3226146698 -213.428884744644 -135.384321212769 -70.3116208314896 -24.880088865757 -3211.63415908813 -1582.70990848541 -710.488080978394 -34.9813029170036 -31.7278131842613 0
"eu27" 0 0 -12.5580262392759 -20159.5687866211 -265.122413635254 0 -7010.59579849243 -44191.3528442383 -177111.999511719 -20323.4481811523 0 0 0 0 0 0 0 0
"uk" 0 0 -1009.01699066162 -97.400538623333 0 0 -463.185340166092 -6882.93361663818 -12113.9469146729 0 0 0 0 0 0 0 0 0
"russia" 0 0 0 5535.32409667969 2626.6462802887 182.716354727745 0 27.0533114671707 2541.69464111328 7317.6121711731 1014.36734199524 0 0 0 0 0 0 0
"efta" 0 0 -12.803640216589 -192.378506064415 198.653072118759 0 0 0 195.714935660362 0 0 0 0 0 0 0 0 0
"mena" 0 0 0 0.268250500084832 -0.869765761308372 0 0 -53.5625442862511 -2759.67168807983 -2650.43258666992 737.474083900452 6.66391849517822 0 0 0 0 0 0
"ssa" 0 0 0 0 0 0 0 -242.462933063507 165.48016667366 157.264739274979 9.35516320168972 0 2302.2723197937 496.004164218903 1149.30951595306 1017.14813709259 47.7500818669796 0
"restofworld" 0 0 1.85030221473426 172.900900244713 572.452664375305 32.8978970646858 145.542651414871 807.423293590546 10010.3406906128 4076.53665542603 15.2585078030825 0 0 0 0 0 0 0
