"angdrc" 0 0 0 0 0 0 0 0 1060.25588512421 956.283569335938 0 0 1230.90779781342 6233.19578170776 8251.48868560791 1812.85750865936 0 0
"argentina" 0 0 0 47.6752035319805 73.417142033577 56.2304928898811 759.502053260803 0 273.136347532272 607.046961784363 632.375299930573 67.9130852222443 0 0 0 0 0 0
"bolivia" 0 0 0 0 0 0 -15.2369551360607 -19.277036190033 -69.6633160114288 -158.666342496872 0 0 -246.800035238266 -1780.87973594666 -1005.37955760956 -328.71413230896 0 0
"brasil" 0 0 0 0 0 0 39032.9780578613 0 0 0 0 0 216705.718994141 60105.1330566406 11566.3213729858 0 0 0
"colombia" 0 0 0 0 0 0 -37.1963977813721 0.925038126297295 0 0 0 0 1556.81848526001 -2.2096810862422 -1.77919724956155 0 0 0
"ghana" 0 0 0 0 0 0 0 0 0 0 0 0 3801.74827575684 4012.65811920166 49.8276613652706 0 0 0
"ivorycoast" 0 0 0 0 0 0 0 0 0 0 0 0 71462.4557495117 12472.6028442383 -620.150566101074 0 0 0
"indonesia" 0 0 0 0 0 0 0 0 0 0 0 0 1462.23020553589 43.3128699660301 6.6551729105413 0 0 0
"madagascar" 0 0 0 0 0 0 0 0 0 0 0 0 26564.2223358154 1717.40388870239 937.612175941467 0 0 0
"malasya" 0 0 0 0 0 0 0 0 0 0 0 0 898.647844791412 0 0 0 0 0
"mozambique" 0 0 0 0 0 0 0 0 0 0 0 0 0 2892.03643798828 6210.06441116333 1779.78360652924 0 0
"myanmar" 0 0 0 0 0 0 150.358736515045 1249.96852874756 0 0 0 0 0 3501.66130065918 1426.93376541138 0 0 0
"nigeria" 0 0 0 0 0 0 0 0 0 0 0 0 4046.15068435669 26293.0107116699 1586.017370224 0 0 0
"paraguay" 0 0 0 0 0 0 249.598369002342 0 0 0 0 0 24.5078913867474 0 0 0 0 0
"peru" 0 0 0 0 0 0 2609.12466049194 3441.33329391479 1576.85625553131 1823.96841049194 4438.08555603027 247.313559055328 7495.67985534668 851.876378059387 669.325590133667 586.10463142395 315.17618894577 192.578375339508
"uruguay" 0 0 0 0 0 0 0 0 0 0 0 0 0 0 0 0 0 0
"venezuela" 0 0 0 0 0 0 0 0 0 0 0 0 932.694017887115 1136.56139373779 221.996307373047 0 13.599518686533 0
"newzealand" 0 0 -8.77834670245647 0 0 0 -1792.5136089325 -687.650918960571 0 0 0 0 0 0 0 0 0 0
"oceania" 0 0 0 0 0 0 -1165.04812240601 -1950.00207424164 -1461.11631393433 -134.528189897537 0 0 -15.6133212149143 -727.995038032532 -91.1740511655807 0 0 0
"china" 0 0 0 -173.508867621422 0 19.4309428334236 -1354.98428344727 -7591.85791015625 -5459.19895172119 1136.00850105286 14.4400959834456 5.78654557466507 -131.930664181709 15.8373415470123 0 0 0 0
"japan" 0 0 0 -99.550724029541 0 0 -1659.89744663239 -2213.14859390259 -3331.60543441772 -225.223571062088 0 0 0 0 0 0 0 0
"korea" 0 0 0 0 0 0 0 -589.229941368103 -231.06350004673 0 0 0 0 0 0 0 0 0
"india" 0 0 0 0 0 0 1540.34161567688 741.267085075378 645.53689956665 914.639055728912 339.363753795624 0 0 4020.18642425537 27028.5606384277 16765.1786804199 1261.17873191833 0
"eastasia" 0 0 0 838.78219127655 65.3656199574471 0 0 195.446103811264 14873.8670349121 892.858386039734 0 0 596.151351928711 0 0 0 0 0
"seasia" 0 0 0 0 0 0 1872.10941314697 719.316899776459 4.69291489571333 0 0 0 20812.5400543213 17160.551071167 12187.4055862427 0 0 0
"southasia" 0 0 0 0 0 0 0 110.705003142357 1132.86113739014 1.5552993863821 0.311952200718224 0 567.994832992554 3434.29446220398 1592.14353561401 0 0 0
"us" 0 0 0 3.82144725881517 1011.03234291077 109.884023666382 -37413.2041931152 -43819.1604614258 -94839.3020629883 -5500.98037719727 92.704713344574 1138.83852958679 0 0 0 0 0 0
"canada" 0 0 -1378.00264358521 -54296.1807250977 -16436.7980957031 0 0 -408.712893724442 -96178.8940429688 -174702.31628418 -31286.5238189697 0 0 0 0 0 0 0
"mexico" 0 0 0 0 0 0 -125.801175832748 -486.965239048004 -3053.96413803101 757.038831710815 495.724618434906 369.378626346588 -2443.434715271 -4460.26754379272 -2807.25908279419 -157.122984528542 138.862878084183 0
"latinamer" 0 140.516459941864 1036.29946708679 1297.58429527283 2838.8078212738 167.682215571404 5823.63271713257 4371.91295623779 3962.52298355103 2578.91082763672 1488.60597610474 549.5725274086 42518.1121826172 22827.63671875 9838.85860443115 521.235227584839 333.325922489166 0
"eu27" 0 0 -19.9326481670141 -31057.2662353516 -526.917576789856 0 -11699.5029449463 -70860.9008789062 -279128.875732422 -32302.2766113281 0 0 0 0 0 0 0 0
"uk" 0 0 13.7970298528671 -3.94692830741405 0 0 -99.1853103041649 -1815.98961353302 -3260.64896583557 0 0 0 0 0 0 0 0 0
"russia" 0 0 0 36408.0085754395 11822.9370117188 792.207002639771 0 140.590012073517 10386.7835998535 31534.2636108398 4594.87724304199 0 0 0 0 0 0 0
"efta" 0 0 -77.056035399437 -975.762784481049 173.433139920235 0 0 0 -527.112424373627 0 0 0 0 0 0 0 0 0
"mena" 0 0 0 4.88424021750689 33.4215871989727 0 0 391.170173883438 10793.3292388916 18548.3856201172 5420.68958282471 18.065232783556 0 0 0 0 0 0
"ssa" 0 0 0 0 0 0 0 14531.9595336914 9854.55417633057 1793.38479042053 81.6915333271027 0 58024.5170593262 85045.8908081055 78740.2496337891 12902.6041030884 527.836859226227 0
"restofworld" 0 0 7.37463962286711 512.019455432892 1772.22967147827 93.9869806170464 648.582339286804 3230.65757751465 58882.3547363281 16476.9439697266 46.6501116752625 0 0 0 0 0 0 0
