"angdrc" 0 0 0 0 0 0 0 0 774.598360061646 690.241873264313 0 0 1101.30524635315 4883.55588912964 6007.5740814209 1300.60815811157 0 0
"argentina" 0 0 0 28.0883647501469 43.2597771286964 33.095471560955 498.075097799301 0 252.142161130905 410.12054681778 380.467563867569 40.3952375054359 0 0 0 0 0 0
"bolivia" 0 0 0 0 0 0 -12.9444766789675 -13.3931059390306 -54.5996204018593 -126.434028148651 0 0 -200.178474187851 -1555.7165145874 -829.874396324158 -255.229949951172 0 0
"brasil" 0 0 0 0 0 0 9989.83192443848 0 0 0 0 0 56729.3014526367 18692.1119689941 3422.39856719971 0 0 0
"colombia" 0 0 0 0 0 0 -224.534273147583 -4.62960125878453 0 0 0 0 -83.0962061882019 -77.353872358799 -6.35404419153929 0 0 0
"ghana" 0 0 0 0 0 0 0 0 0 0 0 0 3764.82915878296 3817.79551506042 45.0572595000267 0 0 0
"ivorycoast" 0 0 0 0 0 0 0 0 0 0 0 0 71400.8102416992 12086.8730545044 -673.734426498413 0 0 0
"indonesia" 0 0 0 0 0 0 0 0 0 0 0 0 1358.42967033386 26.8623307347298 -22.5831773132086 0 0 0
"madagascar" 0 0 0 0 0 0 0 0 0 0 0 0 27205.8658599854 1750.91254711151 955.094635486603 0 0 0
"malasya" 0 0 0 0 0 0 0 0 0 0 0 0 1083.19997787476 0 0 0 0 0
"mozambique" 0 0 0 0 0 0 0 0 0 0 0 0 0 3063.77005577087 6500.47922134399 1870.69153785706 0 0
"myanmar" 0 0 0 0 0 0 144.492566585541 1206.74359798431 0 0 0 0 0 3376.29985809326 1381.77573680878 0 0 0
"nigeria" 0 0 0 0 0 0 0 0 0 0 0 0 4310.53161621094 27860.0559234619 1695.29521465302 0 0 0
"paraguay" 0 0 0 0 0 0 100.490316748619 0 0 0 0 0 -228.187173604965 0 0 0 0 0
"peru" 0 0 0 0 0 0 2640.69151878357 3482.60140419006 1595.83115577698 1845.93057632446 4491.65821075439 250.32651424408 7579.06913757324 860.87965965271 677.113711833954 592.905819416046 318.922311067581 194.908916950226
"uruguay" 0 0 0 0 0 0 0 0 0 0 0 0 0 0 0 0 0 0
"venezuela" 0 0 0 0 0 0 0 0 0 0 0 0 177.308142185211 206.356003880501 41.4106473326683 0 2.24075606092811 0
"newzealand" 0 0 -13.8492006808519 0 0 0 -2168.2231426239 -852.575421333313 0 0 0 0 0 0 0 0 0 0
"oceania" 0 0 0 0 0 0 -1072.38709926605 -1818.40133666992 -1327.41701602936 -123.14672768116 0 0 -13.7633737176657 -645.996868610382 -85.707776248455 0 0 0
"china" 0 0 0 -564.89086151123 0 6.31333794444799 -4221.4994430542 -7961.51828765869 -5820.77217102051 -758.591294288635 4.18216735124588 1.90739904064685 -157.929658889771 -122.49056994915 0 0 0 0
"japan" 0 0 0 -93.7337502837181 0 0 -1561.48242950439 -2085.4127407074 -3136.86966896057 -212.113112211227 0 0 0 0 0 0 0 0
"korea" 0 0 0 0 0 0 0 -559.844255447388 -220.554068684578 0 0 0 0 0 0 0 0 0
"india" 0 0 0 0 0 0 1562.24679946899 748.76195192337 644.499540328979 937.334775924683 352.370142936707 0 0 4156.16893768311 27639.0228271484 17226.7837524414 1295.80092430115 0
"eastasia" 0 0 0 726.644039154053 36.1665114760399 0 0 207.043722271919 15949.200630188 840.198338031769 0 0 611.425518989563 0 0 0 0 0
"seasia" 0 0 0 0 0 0 1837.04924583435 705.949366092682 4.64694201946259 0 0 0 20357.3112487793 16723.7930297852 12028.8162231445 0 0 0
"southasia" 0 0 0 0 0 0 0 111.424818634987 1116.64319038391 1.45303166937083 0.111045927042142 0 577.101171016693 3478.17993164062 1628.09765338898 0 0 0
"us" 0 0 0 2.10839370265603 543.478906154633 63.9755576848984 -31386.5814208984 -34332.9620361328 -65551.643371582 -4764.93072509766 -1513.34857940674 636.607885360718 0 0 0 0 0 0
"canada" 0 0 -965.26974439621 -37756.8244934082 -11504.1446685791 0 0 -317.168056964874 -69193.7255859375 -122522.674560547 -22572.9370117188 0 0 0 0 0 0 0
"mexico" 0 0 0 0 0 0 -114.323027431965 -441.843807697296 -2738.77859115601 859.874725341797 502.843916416168 359.936743974686 -2233.7646484375 -3983.08086395264 -2357.23304748535 36.1914858222008 139.856219291687 0
"latinamer" 0 134.002953767776 990.997076034546 1238.14177513123 2704.80227470398 159.50334072113 5693.81904602051 4322.10540771484 3830.77144622803 2487.50901222229 1421.95761203766 523.110270500183 42562.6068115234 22704.8931121826 9834.80262756348 515.889167785645 340.992748737335 0
"eu27" 0 0 -18.9440548419952 -29165.2717590332 -518.4485912323 0 -11211.4639282227 -66685.6307983398 -261821.624755859 -30458.8775634766 0 0 0 0 0 0 0 0
"uk" 0 0 -21.0010446608067 -6.44853990525007 0 0 -98.4224304556847 -1745.59235572815 -3131.05964660645 0 0 0 0 0 0 0 0 0
"russia" 0 0 0 30913.9003753662 9718.30749511719 645.413160324097 0 117.122009396553 8459.36584472656 25805.5686950684 3777.73022651672 0 0 0 0 0 0 0
"efta" 0 0 -72.9704648256302 -912.858843803406 149.438038468361 0 0 0 -511.046588420868 0 0 0 0 0 0 0 0 0
"mena" 0 0 0 4.54895943403244 31.9761261343956 0 0 386.072725057602 11113.9144897461 18476.2763977051 4869.5969581604 14.79765586555 0 0 0 0 0 0
"ssa" 0 0 0 0 0 0 0 15287.4975204468 10237.8902435303 1797.67370223999 80.9102207422256 0 59606.1859130859 88496.3989257812 81888.4658813477 12980.4430007935 528.983235359192 0
"restofworld" 0 0 7.23420456051826 487.903267145157 1698.06313514709 89.1546905040741 640.207350254059 3174.20840263367 59242.6910400391 16240.8485412598 44.6666367352009 0 0 0 0 0 0 0
