"angdrc" 0 0 0 0 0 0 0 0 888.468861579895 796.016693115234 0 0 1029.53362464905 5221.42028808594 6897.91917800903 1504.49693202972 0 0
"argentina" 0 0 0 29.643002897501 45.6763915717602 34.8519906401634 478.686720132828 0 81.1468809843063 292.264074087143 414.451956748962 43.3887988328934 0 0 0 0 0 0
"bolivia" 0 0 0 0 0 0 -26.4503583312035 -43.5351729393005 -134.406447410583 -303.784489631653 0 0 -460.523366928101 -2901.2336730957 -1715.6674861908 -618.163824081421 0 0
"brasil" 0 0 0 0 0 0 59664.363861084 0 0 0 0 0 347592.224121094 91795.7000732422 17602.8633117676 0 0 0
"colombia" 0 0 0 0 0 0 195.009112358093 8.67787841707468 0 0 0 0 4321.78688049316 97.2168147563934 3.58656630851328 0 0 0
"ghana" 0 0 0 0 0 0 0 0 0 0 0 0 7838.22917938232 8100.47054290771 97.785547375679 0 0 0
"ivorycoast" 0 0 0 0 0 0 0 0 0 0 0 0 195673.736572266 57181.6673278809 786.835074424744 0 0 0
"indonesia" 0 0 0 0 0 0 0 0 0 0 0 0 -2140.87104797363 12.5468950718641 16.332134604454 0 0 0
"madagascar" 0 0 0 0 0 0 0 0 0 0 0 0 -9092.35572814941 -552.996873855591 -299.887448549271 0 0 0
"malasya" 0 0 0 0 0 0 0 0 0 0 0 0 32690.3038024902 0 0 0 0 0
"mozambique" 0 0 0 0 0 0 0 0 0 0 0 0 0 -399.844348430634 -609.842002391815 -186.706781387329 0 0
"myanmar" 0 0 0 0 0 0 -50.9970188140869 -451.903939247131 0 0 0 0 0 -1244.26400661469 -497.528403997421 0 0 0
"nigeria" 0 0 0 0 0 0 0 0 0 0 0 0 -1887.43948936462 -11580.6150436401 -750.31578540802 0 0 0
"paraguay" 0 0 0 0 0 0 278.423726558685 0 0 0 0 0 -781.033873558044 0 0 0 0 0
"peru" 0 0 0 0 0 0 2972.44000434875 3929.95238304138 1797.73211479187 2080.00469207764 5067.87014007568 281.605422496796 8798.83193969727 985.526978969574 764.659821987152 669.938564300537 359.718084335327 219.539120793343
"uruguay" 0 0 0 0 0 0 0 0 0 0 0 0 0 0 0 0 0 0
"venezuela" 0 0 0 0 0 0 0 0 0 0 0 0 418.02191734314 537.128388881683 100.311771035194 0 7.0320526137948 0
"newzealand" 0 0 5.46502880752087 0 0 0 33.0528765916824 47.0687970519066 0 0 0 0 0 0 0 0 0 0
"oceania" 0 0 0 0 0 0 -710.707485675812 -1184.96239185333 -910.204410552979 -83.7116837501526 0 0 -9.98201407492161 -464.15314078331 -56.4626082777977 0 0 0
"china" 0 0 0 559.801578521729 0 25.977773591876 3736.52267456055 -2026.40891075134 -1252.27952003479 3176.41305923462 20.105266943574 7.72375054657459 -9.1388151049614 210.586875677109 0 0 0 0
"japan" 0 0 0 -40.1098728179932 0 0 -662.160992622375 -883.62181186676 -1332.77034759521 -90.4247462749481 0 0 0 0 0 0 0 0
"korea" 0 0 0 0 0 0 0 -164.21115398407 -62.8992170095444 0 0 0 0 0 0 0 0 0
"india" 0 0 0 0 0 0 -870.171308517456 -391.958355903625 -337.706357240677 -658.913850784302 -236.733540892601 0 0 -2513.36741447449 -16000.2784729004 -10281.4073562622 -656.257510185242 0
"eastasia" 0 0 0 71.8134865164757 59.5065578818321 0 0 -71.4594647288322 -6393.97144317627 -86.5124613046646 0 0 -171.203285455704 0 0 0 0 0
"seasia" 0 0 0 0 0 0 -252.035200595856 -110.78342795372 -0.971378176473081 0 0 0 -4143.27239990234 -2172.19471931458 -2328.09638977051 0 0 0
"southasia" 0 0 0 0 0 0 0 -73.6577957868576 -631.420910358429 -0.73222815990448 0.473788473755121 0 -325.625002384186 -1905.02715110779 -949.378371238708 0 0 0
"us" 0 0 0 4.15723770856857 1121.14667892456 113.37897926569 -22689.8460388184 -29484.5657348633 -73883.2855224609 -2733.96754264832 2954.8282623291 1213.3172750473 0 0 0 0 0 0
"canada" 0 0 -1070.26267051697 -41963.8748168945 -12562.1576309204 0 0 -286.830067634583 -72608.3374023438 -134021.057128906 -24353.7139892578 0 0 0 0 0 0 0
"mexico" 0 0 0 0 0 0 -56.5773360431194 -227.172777056694 -1449.0864276886 4.46757674217224 125.784307718277 120.815768837929 -1073.11058044434 -2157.24301338196 -1629.56464290619 -383.815288543701 37.4091453850269 0
"latinamer" 0 -3.58781544491649 -32.5288288295269 -35.4400500655174 -69.034144282341 -3.42895486392081 -461.444735527039 -484.230190515518 -220.673054456711 -123.510539531708 -42.4934327602386 -11.8783600628376 -6320.48559188843 -2854.04014587402 -1457.74912834167 -54.7337457537651 -63.5388270020485 0
"eu27" 0 0 -7.36249936744571 -11849.027633667 -188.236802816391 0 -4431.00070953369 -27554.9144744873 -109602.172851562 -12888.277053833 0 0 0 0 0 0 0 0
"uk" 0 0 1055.23788928986 92.9534733295441 0 0 325.157105922699 4497.35975265503 7874.63665008545 0 0 0 0 0 0 0 0 0
"russia" 0 0 0 939.559102058411 2159.37900543213 178.794264793396 0 16.6411064565182 2367.39373207092 6294.55757141113 793.006062507629 0 0 0 0 0 0 0
"efta" 0 0 -21.6435343027115 -295.732766389847 97.6518765091896 0 0 0 -91.5774255990982 0 0 0 0 0 0 0 0 0
"mena" 0 0 0 -0.904210028238595 -10.2895824238658 0 0 -186.230212450027 -7092.34285354614 -8714.71786499023 -293.82660984993 5.12375915423036 0 0 0 0 0 0
"ssa" 0 0 0 0 0 0 0 -4977.00929641724 -2983.50119590759 -365.515738725662 -13.8602172955871 0 -16242.4049377441 -25924.6692657471 -23933.1130981445 -2738.06691169739 -105.763718485832 0
"restofworld" 0 0 -0.939073390327394 5.16763376072049 -20.427281036973 3.05609311908484 -96.4408665895462 -414.492040872574 -14035.4652404785 -2280.34067153931 -0.340555707225576 0 0 0 0 0 0 0
