"angdrc" 0 0 0 0 0 0 0 0 927.816927433014 821.825921535492 0 0 1276.5588760376 5791.79286956787 7183.30526351929 1544.7211265564 0 0
"argentina" 0 0 0 -1.04365171864629 -1.58593757078052 -1.39433809090406 316.856026649475 0 410.498261451721 175.567358732224 29.976075515151 0.193467130884528 0 0 0 0 0 0
"bolivia" 0 0 0 0 0 0 -31.5677151083946 -52.2690340876579 -161.2249314785 -367.532670497894 0 0 -552.568078041077 -3466.45450592041 -2062.43205070496 -750.546216964722 0 0
"brasil" 0 0 0 0 0 0 61155.0102233887 0 0 0 0 0 354523.162841797 94010.8413696289 18032.8617095947 0 0 0
"colombia" 0 0 0 0 0 0 114.11726474762 6.69772922992706 0 0 0 0 4025.22754669189 67.0592412352562 1.39848049730062 0 0 0
"ghana" 0 0 0 0 0 0 0 0 0 0 0 0 11301.3305664062 11548.2654571533 135.313153266907 0 0 0
"ivorycoast" 0 0 0 0 0 0 0 0 0 0 0 0 193920.318603516 55892.707824707 665.99053144455 0 0 0
"indonesia" 0 0 0 0 0 0 0 0 0 0 0 0 3458.8418006897 68.1799352169037 8.33652727305889 0 0 0
"madagascar" 0 0 0 0 0 0 0 0 0 0 0 0 -4411.79847717285 -271.574229001999 -147.456914186478 0 0 0
"malasya" 0 0 0 0 0 0 0 0 0 0 0 0 2808.30240249634 0 0 0 0 0
"mozambique" 0 0 0 0 0 0 0 0 0 0 0 0 0 -473.082542419434 -810.819923877716 -243.368446826935 0 0
"myanmar" 0 0 0 0 0 0 -20.4442143440247 -189.459055662155 0 0 0 0 0 -517.374873161316 -194.996297359467 0 0 0
"nigeria" 0 0 0 0 0 0 0 0 0 0 0 0 -1151.88026428223 -6994.43626403809 -451.762765645981 0 0 0
"paraguay" 0 0 0 0 0 0 272.914558649063 0 0 0 0 0 -865.908324718475 0 0 0 0 0
"peru" 0 0 0 0 0 0 3214.85662460327 4252.54249572754 1944.2298412323 2250.50354003906 5488.6646270752 304.666638374329 9586.27986907959 1060.69433689117 824.844539165497 722.582697868347 389.60200548172 237.614303827286
"uruguay" 0 0 0 0 0 0 0 0 0 0 0 0 0 0 0 0 0 0
"venezuela" 0 0 0 0 0 0 0 0 0 0 0 0 405.014365911484 519.060134887695 97.122848033905 0 6.76231877878308 0
"newzealand" 0 0 7.89233669638634 0 0 0 398.442357778549 191.308468580246 0 0 0 0 0 0 0 0 0 0
"oceania" 0 0 0 0 0 0 -433.904886245728 -718.958854675293 -586.911618709564 -53.3090010285378 0 0 -6.37534912675619 -295.289099216461 -33.0600365996361 0 0 0
"china" 0 0 0 682.126045227051 0 24.0088663995266 4542.46807098389 -282.197117805481 0.340953469276428 3273.30780029297 18.8196394592524 7.10805738344789 23.8041505217552 228.071078658104 0 0 0 0
"japan" 0 0 0 -25.7474184036255 0 0 -424.600571393967 -564.180612564087 -852.629780769348 -57.9831749200821 0 0 0 0 0 0 0 0
"korea" 0 0 0 0 0 0 0 -114.869393408298 -42.6629967987537 0 0 0 0 0 0 0 0 0
"india" 0 0 0 0 0 0 -466.1765396595 -203.947484493256 -165.756374597549 -402.892410755157 -124.43245947361 0 0 -1341.07160568237 -8837.24021911621 -5568.70555877686 -323.481440544128 0
"eastasia" 0 0 0 1054.88383769989 57.7291995286942 0 0 286.973834037781 22446.6686248779 1210.07764339447 0 0 842.213988304138 0 0 0 0 0
"seasia" 0 0 0 0 0 0 -123.225688934326 -57.5532019138336 -0.541033805347979 0 0 0 -2291.5472984314 -1003.82137298584 -1261.85464859009 0 0 0
"southasia" 0 0 0 0 0 0 0 -47.3567172884941 -365.013092756271 -0.345088017638773 0.48665891517885 0 -195.497542619705 -1139.46211338043 -594.616055488586 0 0 0
"us" 0 0 0 3.59299127012491 971.045613288879 97.6199507713318 -17905.8494567871 -24112.2646331787 -62165.0123596191 -2154.58488464355 2778.50484848022 1053.746342659 0 0 0 0 0 0
"canada" 0 0 -913.093149662018 -35728.5385131836 -10670.0000762939 0 0 -238.279670476913 -62175.5599975586 -114496.772766113 -20687.9692077637 0 0 0 0 0 0 0
"mexico" 0 0 0 0 0 0 -46.9590499997139 -189.197450876236 -1190.29819965363 30.4341018199921 113.157741725445 103.410020470619 -895.090699195862 -1808.19964408875 -1356.46748542786 -295.803785324097 33.2149118185043 0
"latinamer" 0 1.88771239481866 7.7695888467133 15.3671000152826 42.2231741249561 3.11048561707139 -234.73447561264 -311.879634857178 -67.4936175346375 -24.6703419834375 15.1254553347826 9.48905013501644 -4584.95235443115 -1954.3399810791 -1060.0780248642 -34.9953509867191 -50.3652766346931 0
"eu27" 0 0 -5.67095819860697 -9897.49145507812 -124.031022191048 0 -3477.60391235352 -22120.3460693359 -88562.858581543 -10068.1076049805 0 0 0 0 0 0 0 0
"uk" 0 0 88.3409082889557 5.73424017056823 0 0 -15.2814518660307 -421.146273612976 -779.378354549408 0 0 0 0 0 0 0 0 0
"russia" 0 0 0 2472.78785705566 2403.04803848267 192.933171987534 0 20.8166409283876 2502.88820266724 6845.17288208008 895.179927349091 0 0 0 0 0 0 0
"efta" 0 0 -15.4809523373842 -223.025143146515 88.3442610502243 0 0 0 -48.3492463827133 0 0 0 0 0 0 0 0 0
"mena" 0 0 0 -0.549359305296093 -7.0419954136014 0 0 -137.13276386261 -5292.52481460571 -6381.36911392212 -37.988219410181 4.84290253371 0 0 0 0 0 0
"ssa" 0 0 0 0 0 0 0 -3831.24971389771 -2284.10196304321 -273.331165313721 -10.2450922131538 0 -12480.1406860352 -19971.2543487549 -18364.0632629395 -2048.51269721985 -79.2681947350502 0
"restofworld" 0 0 -0.49751641927287 25.2196751534939 56.8796433508396 6.34055025875568 -54.9576506018639 -209.393978118896 -9243.63327026367 -1170.69983482361 1.6735412646085 0 0 0 0 0 0 0
