"angdrc" 0 0 0 0 0 0 0 0 1158.16283226013 1034.27696228027 0 0 1552.53529548645 7155.57098388672 8985.07881164551 1950.74033737183 0 0
"argentina" 0 0 0 45.3082025051117 69.7832405567169 53.4122139215469 470.136106014252 0 -237.776860594749 298.125386238098 597.046494483948 64.8158416152 0 0 0 0 0 0
"bolivia" 0 0 0 0 0 0 -26.537673547864 -43.4086062014103 -135.747700929642 -306.723952293396 0 0 -462.497055530548 -2944.30685043335 -1786.54837608337 -642.758846282959 0 0
"brasil" 0 0 0 0 0 0 55098.7586975098 0 0 0 0 0 320104.766845703 80729.4158935547 15707.5700759888 0 0 0
"colombia" 0 0 0 0 0 0 -10483.1352233887 -313.820719718933 0 0 0 0 -94796.9589233398 -4214.19525146484 -254.686057567596 0 0 0
"ghana" 0 0 0 0 0 0 0 0 0 0 0 0 6548.49338531494 6875.50687789917 85.4022726416588 0 0 0
"ivorycoast" 0 0 0 0 0 0 0 0 0 0 0 0 60353.8093566895 405376.556396484 55093.7767028809 0 0 0
"indonesia" 0 0 0 0 0 0 0 0 0 0 0 0 -3898.42987060547 -0.366687425412238 45.5648675560951 0 0 0
"madagascar" 0 0 0 0 0 0 0 0 0 0 0 0 -11445.6977844238 -705.273926258087 -383.390367031097 0 0 0
"malasya" 0 0 0 0 0 0 0 0 0 0 0 0 32125.1792907715 0 0 0 0 0
"mozambique" 0 0 0 0 0 0 0 0 0 0 0 0 0 -997.817873954773 -1771.26264572144 -513.262987136841 0 0
"myanmar" 0 0 0 0 0 0 -107.936456799507 -909.777402877808 0 0 0 0 0 -2522.09663391113 -1035.25853157043 0 0 0
"nigeria" 0 0 0 0 0 0 0 0 0 0 0 0 -3047.95408248901 -18139.7609710693 -1262.58814334869 0 0 0
"paraguay" 0 0 0 0 0 0 253.905236721039 0 0 0 0 0 -732.400894165039 0 0 0 0 0
"peru" 0 0 0 0 0 0 3116.08195304871 4120.32842636108 1884.45210456848 2180.89437484741 5316.07961654663 295.274406671524 9240.14663696289 1029.36959266663 800.304532051086 701.049566268921 377.441763877869 230.231657624245
"uruguay" 0 0 0 0 0 0 0 0 0 0 0 0 0 0 0 0 0 0
"venezuela" 0 0 0 0 0 0 0 0 0 0 0 0 1134.74297523499 1392.47071743011 271.150350570679 0 16.9074647128582 0
"newzealand" 0 0 -0.113217654870823 0 0 0 -686.088562011719 -242.0754134655 0 0 0 0 0 0 0 0 0 0
"oceania" 0 0 0 0 0 0 -1121.49226665497 -1940.6224489212 -1423.71165752411 -131.49605691433 0 0 -13.8198947533965 -663.504421710968 -92.7956253290176 0 0 0
"china" 0 0 0 147.836700081825 0 23.1624245643616 1079.33235168457 -5061.44523620605 -3533.28847885132 2150.94184875488 17.4567811191082 6.91744033247232 -75.3640830516815 110.546201467514 0 0 0 0
"japan" 0 0 0 -55.9751838445663 0 0 -927.27267742157 -1236.80543899536 -1863.93237113953 -126.292392611504 0 0 0 0 0 0 0 0
"korea" 0 0 0 0 0 0 0 -234.044879674911 -91.0476744174957 0 0 0 0 0 0 0 0 0
"india" 0 0 0 0 0 0 -1345.0118303299 -611.93323135376 -540.319621562958 -999.412417411804 -355.895310640335 0 0 -3795.6600189209 -24617.9161071777 -15723.1597900391 -1049.78275299072 0
"eastasia" 0 0 0 9.61477868258953 60.1978674530983 0 0 -97.2751379013062 -8551.55277252197 -189.776182174683 0 0 -238.336607813835 0 0 0 0 0
"seasia" 0 0 0 0 0 0 -470.707535743713 -200.775772333145 -1.5734356129542 0 0 0 -6766.79420471191 -4226.86386108398 -3836.5044593811 0 0 0
"southasia" 0 0 0 0 0 0 0 -126.668751239777 -1118.92783641815 -1.39403017237782 0.535921717528254 0 -533.442199230194 -3274.03736114502 -1628.5572052002 0 0 0
"us" 0 0 0 4.31407708674669 1159.12199020386 119.710430502892 -31260.6887817383 -37730.4954528809 -90543.8079833984 -4161.54527664185 1889.90235328674 1241.4745092392 0 0 0 0 0 0
"canada" 0 0 -1294.51847076416 -50920.8793640137 -15350.6937026978 0 0 -400.359183549881 -88850.6469726562 -162878.005981445 -29731.6875457764 0 0 0 0 0 0 0
"mexico" 0 0 0 0 0 0 -78.7266120314598 -310.53963303566 -2034.64865684509 -151.223435997963 117.817848920822 142.990857362747 -1445.19829750061 -2878.94463539124 -2224.39384460449 -705.775499343872 37.6491695642471 0
"latinamer" 0 -16.3712985813618 -128.487437963486 -154.008716344833 -325.825214385986 -18.403697758913 -1050.15802383423 -923.92498254776 -596.207499504089 -368.314743041992 -178.022906184196 -60.9894096851349 -10847.7611541748 -5175.04262924194 -2434.8771572113 -109.364345669746 -106.12802952528 0
"eu27" 0 0 -11.9062978774309 -18144.1307067871 -327.890455722809 0 -7089.02645111084 -43362.3809814453 -169857.986450195 -20026.6532897949 0 0 0 0 0 0 0 0
"uk" 0 0 16.6614800691605 -1.78664457052946 0 0 -60.7002973556519 -1143.39232444763 -2062.10327148438 0 0 0 0 0 0 0 0 0
"russia" 0 0 0 -1475.63862800598 1779.80732917786 160.860687494278 0 9.99308563768864 2125.94747543335 5409.52491760254 647.620797157288 0 0 0 0 0 0 0
"efta" 0 0 -38.2637865841389 -516.730606555939 124.907068908215 0 0 0 -242.411583662033 0 0 0 0 0 0 0 0 0
"mena" 0 0 0 -2.39507341757417 -21.2082583457232 0 0 -318.119943141937 -11208.948135376 -15098.3743667603 -1875.23055076599 0.572245917282999 0 0 0 0 0 0
"ssa" 0 0 0 0 0 0 0 26074.5277404785 17971.0464477539 3343.06406974792 152.921706438065 0 103255.783081055 154172.821044922 144085.311889648 24269.1535949707 982.763767242432 0
"restofworld" 0 0 -1.16973579861224 6.2608364969492 -30.2106533199549 3.8225413300097 -129.481509327888 -539.133191108704 -18413.688659668 -2941.80917739868 -0.461931398604065 0 0 0 0 0 0 0
