"angdrc" 0 0 0 0 0 0 0 0 -1146.44551277161 -1144.74213123322 0 0 1227.7969121933 -2538.25378417969 -9194.04315948486 -2272.53532409668 0 0
"argentina" 0 0 0 -82.4061408638954 -127.232700586319 -96.7700332403183 -4629.50611114502 0 -3439.68892097473 -2587.75973320007 -1280.31766414642 -121.311172842979 0 0 0 0 0 0
"bolivia" 0 0 0 0 0 0 -51.0894060134888 -104.663275182247 -289.381444454193 -640.881419181824 0 0 -956.732988357544 -5281.82458877563 -3381.83045387268 -1323.14133644104 0 0
"brasil" 0 0 0 0 0 0 -117481.094360352 0 0 0 0 0 -668399.536132812 -171818.801879883 -42405.590057373 0 0 0
"colombia" 0 0 0 0 0 0 -1345.35038471222 -37.1341891586781 0 0 0 0 -9200.68454742432 -521.245002746582 -34.0166091918945 0 0 0
"ghana" 0 0 0 0 0 0 0 0 0 0 0 0 -59041.0461425781 239460.830688477 8666.22924804688 0 0 0
"ivorycoast" 0 0 0 0 0 0 0 0 0 0 0 0 188566.635131836 54630.4092407227 662.869393825531 0 0 0
"indonesia" 0 0 0 0 0 0 0 0 0 0 0 0 -2675.77934265137 -116.388663649559 -102.760896086693 0 0 0
"madagascar" 0 0 0 0 0 0 0 0 0 0 0 0 -5625.56457519531 -364.455819129944 -199.687540531158 0 0 0
"malasya" 0 0 0 0 0 0 0 0 0 0 0 0 -543.154239654541 0 0 0 0 0
"mozambique" 0 0 0 0 0 0 0 0 0 0 0 0 0 -678.033232688904 -1690.67192077637 -492.808163166046 0 0
"myanmar" 0 0 0 0 0 0 -121.150940656662 -1001.41108036041 0 0 0 0 0 -2810.76216697693 -1111.5128993988 0 0 0
"nigeria" 0 0 0 0 0 0 0 0 0 0 0 0 -450.322508811951 -3906.94141387939 -157.955408096313 0 0 0
"paraguay" 0 0 0 0 0 0 1158.87522697449 0 0 0 0 0 714.187204837799 0 0 0 0 0
"peru" 0 0 0 0 0 0 -55020.5879211426 -69815.7958984375 -32721.3973999023 -37396.484375 -89428.4515380859 -5241.9900894165 -45260.1547241211 -13140.2473449707 -14783.0381393433 -12017.4579620361 -6618.65997314453 -3979.51340675354
"uruguay" 0 0 0 0 0 0 0 0 0 0 0 0 0 0 0 0 0 0
"venezuela" 0 0 0 0 0 0 0 0 0 0 0 0 -5442.01183319092 -6676.19228363037 -1296.52166366577 0 -81.0314044356346 0
"newzealand" 0 0 -67.1491920948029 0 0 0 -6286.61108016968 -2646.03066444397 0 0 0 0 0 0 0 0 0 0
"oceania" 0 0 0 0 0 0 -1519.45471763611 -3120.09525299072 -2015.91849327087 -192.006409168243 0 0 -7.08324275910854 -488.424092531204 -160.728067159653 0 0 0
"china" 0 0 0 -4855.72528839111 0 -81.8292424082756 -26647.9873657227 -16028.2287597656 -12313.2638931274 -14600.6155014038 -69.3450421094894 -24.1163801401854 -360.561370849609 -1173.55024814606 0 0 0 0
"japan" 0 0 0 -19.2377474159002 0 0 -317.039519548416 -434.790074825287 -644.548773765564 -43.3894768357277 0 0 0 0 0 0 0 0
"korea" 0 0 0 0 0 0 0 -280.774176120758 -103.648096323013 0 0 0 0 0 0 0 0 0
"india" 0 0 0 0 0 0 -1063.14730644226 -493.748605251312 -491.363823413849 -526.312828063965 -237.403005361557 0 0 -2117.35391616821 -15096.0493087769 -8742.8150177002 -627.948522567749 0
"eastasia" 0 0 0 -1365.36312103271 -266.073495149612 0 0 24.8942412436008 812.448978424072 -917.454481124878 0 0 -75.9015902876854 0 0 0 0 0
"seasia" 0 0 0 0 0 0 -1052.18768119812 -460.573017597198 -2.46475823223591 0 0 0 -12665.0133132935 -10492.7940368652 -6685.85968017578 0 0 0
"southasia" 0 0 0 0 0 0 0 -67.1818852424622 -816.343009471893 -1.34326121769845 -0.759834889322519 0 -312.249273061752 -2332.37838745117 -1000.74291229248 0 0 0
"us" 0 0 0 -8.3409771323204 -2368.16263198853 -212.115332484245 -30494.4763183594 -38261.3983154297 -74901.1383056641 -8969.68364715576 -20336.051940918 -2467.94772148132 0 0 0 0 0 0
"canada" 0 0 -752.318739891052 -28769.1917419434 -8526.15356445312 0 0 -231.055706739426 -48108.0322265625 -84183.5632324219 -18855.2093505859 0 0 0 0 0 0 0
"mexico" 0 0 0 0 0 0 -76.3795226812363 -317.314147949219 -2076.60961151123 -1507.14778900146 -308.470904827118 -68.5833990573883 -1254.24146652222 -2694.20194625854 -2635.14232635498 -1918.42353343964 -70.4423636198044 0
"latinamer" 0 -140.912979841232 -1018.09763908386 -1297.16670513153 -2865.22579193115 -170.602723956108 -4865.28205871582 -3263.30423355103 -3575.7303237915 -2352.74171829224 -1466.24803543091 -555.027186870575 -29207.0140838623 -15996.223449707 -6553.879737854 -383.664727210999 -188.053876161575 0
"eu27" 0 0 -10.6209544464946 -11134.2182159424 -511.992037296295 0 -6856.13536834717 -32614.3531799316 -116931.274414062 -17056.8695068359 0 0 0 0 0 0 0 0
"uk" 0 0 -668.696522712708 -62.4050423502922 0 0 -263.682752847672 -3804.71420288086 -6669.08884048462 0 0 0 0 0 0 0 0 0
"russia" 0 0 0 -53919.3382263184 -17396.6369628906 -1186.74790859222 0 -204.151660203934 -15039.1864776611 -45896.8467712402 -6746.27542495728 0 0 0 0 0 0 0
"efta" 0 0 -31.9872796535492 -342.736810445786 -92.8534120321274 0 0 0 -451.440930366516 0 0 0 0 0 0 0 0 0
"mena" 0 0 0 -2.21213675104082 -14.4061185419559 0 0 -224.871948361397 -5229.7420501709 -8453.18698883057 -2811.68794631958 -10.2816559374332 0 0 0 0 0 0
"ssa" 0 0 0 0 0 0 0 43068.8247680664 26457.3364257812 3988.94453048706 171.95363342762 0 163627.243041992 269894.470214844 224843.75 27626.7127990723 1202.91471481323 0
"restofworld" 0 0 -4.40865475684404 -278.920739889145 -952.733397483826 -50.8561618626118 -348.658740520477 -1768.48149299622 -31681.5929412842 -8963.10710906982 -25.2964515239 0 0 0 0 0 0 0
