"angdrc" 0 0 0 0 0 0 0 0 -33577.995300293 -17424.8790740967 0 0 -435614.837646484 -442068.603515625 -161723.937988281 -23610.0730895996 0 0
"argentina" 0 0 0 125.093400478363 192.774280905724 147.670358419418 1782.84096717834 0 635.722279548645 1530.8940410614 1636.99531555176 177.686303853989 0 0 0 0 0 0
"bolivia" 0 0 0 0 0 0 -6.47953758016229 4.77724382653832 -11.5816835314035 -34.0807139873505 0 0 -65.6476989388466 -984.388887882233 -421.121597290039 -70.3632608056068 0 0
"brasil" 0 0 0 0 0 0 19763.9446258545 0 0 0 0 0 139328.430175781 37264.7552490234 6695.76120376587 0 0 0
"colombia" 0 0 0 0 0 0 322.071194648743 12.3883867636323 0 0 0 0 5419.30484771729 147.306367754936 6.65457686409354 0 0 0
"ghana" 0 0 0 0 0 0 0 0 0 0 0 0 6923.90489578247 7402.18448638916 93.3383777737617 0 0 0
"ivorycoast" 0 0 0 0 0 0 0 0 0 0 0 0 194869.567871094 57183.9752197266 826.711416244507 0 0 0
"indonesia" 0 0 0 0 0 0 0 0 0 0 0 0 55855.6861877441 3216.14360809326 14273.0674743652 0 0 0
"madagascar" 0 0 0 0 0 0 0 0 0 0 0 0 -10511.7530822754 -618.806481361389 -333.656400442123 0 0 0
"malasya" 0 0 0 0 0 0 0 0 0 0 0 0 -3351.75561904907 0 0 0 0 0
"mozambique" 0 0 0 0 0 0 0 0 0 0 0 0 0 269.87412571907 911.02659702301 267.964392900467 0 0
"myanmar" 0 0 0 0 0 0 -188.96672129631 -1612.89143562317 0 0 0 0 0 -4315.10257720947 -1869.09627914429 0 0 0
"nigeria" 0 0 0 0 0 0 0 0 0 0 0 0 -2914.34621810913 -17590.311050415 -1141.77680015564 0 0 0
"paraguay" 0 0 0 0 0 0 85.5288282036781 0 0 0 0 0 -830.43646812439 0 0 0 0 0
"peru" 0 0 0 0 0 0 3010.99681854248 3966.77279472351 1818.89140605927 2103.65295410156 5116.85943603516 285.557448863983 8511.12174987793 974.887847900391 771.045804023743 674.988508224487 363.115847110748 222.205206751823
"uruguay" 0 0 0 0 0 0 0 0 0 0 0 0 0 0 0 0 0 0
"venezuela" 0 0 0 0 0 0 0 0 0 0 0 0 -92.7146524190903 -85.2905213832855 -21.2752521038055 0 -0.421539123635739 0
"newzealand" 0 0 8.16388707607985 0 0 0 -239.414200186729 -31.5935015678406 0 0 0 0 0 0 0 0 0 0
"oceania" 0 0 0 0 0 0 -1216.63522720337 -2123.39234352112 -1501.4967918396 -139.551058411598 0 0 -14.7614860907197 -716.451048851013 -102.618023753166 0 0 0
"china" 0 0 0 5995.62501907349 0 84.3532979488373 36388.7405395508 28523.6663818359 21567.4495697021 17608.4442138672 72.1942484378815 24.5743729174137 673.401772975922 1532.45306015015 0 0 0 0
"japan" 0 0 0 -91.4347618818283 0 0 -1522.30954170227 -2047.74022102356 -3067.79742240906 -207.248255610466 0 0 0 0 0 0 0 0
"korea" 0 0 0 0 0 0 0 -491.780668497086 -193.229168653488 0 0 0 0 0 0 0 0 0
"india" 0 0 0 0 0 0 -1704.26630973816 -720.294952392578 -635.526776313782 -1143.28932762146 -415.432780981064 0 0 -4284.81817245483 -28038.782119751 -17298.4771728516 -1022.76492118835 0
"eastasia" 0 0 0 630.237221717834 193.767353892326 0 0 -128.531008958817 -10777.0977020264 185.408607125282 0 0 -272.884666919708 0 0 0 0 0
"seasia" 0 0 0 0 0 0 -771.227121353149 -390.85853099823 -2.5763176381588 0 0 0 -10777.0662307739 -6697.45445251465 -6337.54348754883 0 0 0
"southasia" 0 0 0 0 0 0 0 -148.766934871674 -1427.30832099915 -1.22517393901944 1.33985199499875 0 -484.583705663681 -4774.66011047363 -2462.21590042114 0 0 0
"us" 0 0 0 7.22055695950985 1971.21429443359 195.075690746307 -20879.9476623535 -21257.7228546143 -44328.5140991211 -900.451481342316 9014.79911804199 2121.60968780518 0 0 0 0 0 0
"canada" 0 0 -890.430927276611 -34850.5477905273 -10782.1216583252 0 0 -412.139922380447 -66416.6564941406 -114863.655090332 -21805.4866790771 0 0 0 0 0 0 0
"mexico" 0 0 0 0 0 0 -70.8957090973854 -275.040477514267 -1757.96222686768 1276.04365348816 568.693041801453 349.363267421722 -1443.99678707123 -2604.51507568359 -1263.63933086395 755.732595920563 151.066333055496 0
"latinamer" 0 -8.87308549135923 -74.4936168193817 -84.9766209721565 -173.018530011177 -9.2880092561245 -802.346408367157 -778.034448623657 -415.465444326401 -247.087419033051 -100.17866641283 -31.3528515398502 -9708.66870880127 -4538.49744796753 -2221.73023223877 -92.2180637717247 -101.891800761223 0
"eu27" 0 0 -11.8934484198689 -19833.3053588867 -269.978165626526 0 -7027.64511108398 -45030.2276611328 -179384.27734375 -20470.3636169434 0 0 0 0 0 0 0 0
"uk" 0 0 254.388213157654 18.0740840733051 0 0 -11.959089897573 -601.320147514343 -1142.19868183136 0 0 0 0 0 0 0 0 0
"russia" 0 0 0 -2445.16396522522 1933.17902088165 182.848766446114 0 9.51208360493183 2356.69994354248 5937.66403198242 703.500509262085 0 0 0 0 0 0 0
"efta" 0 0 -24.6744230389595 -379.696041345596 232.296049594879 0 0 0 66.7402297258377 0 0 0 0 0 0 0 0 0
"mena" 0 0 0 -1.52532197535038 -17.7728291600943 0 0 -314.362347126007 -12009.6960067749 -14889.5883560181 -381.905198097229 9.51153226196766 0 0 0 0 0 0
"ssa" 0 0 0 0 0 0 0 -11298.33984375 -6841.91131591797 -940.734386444092 -37.2397676110268 0 -37726.8142700195 -60470.5238342285 -53293.830871582 -6760.05744934082 -269.865691661835 0
"restofworld" 0 0 -1.09525013249367 38.0613878369331 65.6742304563522 10.5188898742199 -131.670355796814 -505.439698696136 -20258.3274841309 -2782.34362602234 2.21611023880541 0 0 0 0 0 0 0
