"angdrc" 0 0 0 0 0 0 0 0 -914.99125957489 -867.637097835541 0 0 -44.3525910377502 -3728.96766662598 -7226.11808776855 -1684.29827690125 0 0
"argentina" 0 0 0 -8402.6985168457 -12607.5201034546 -9661.71646118164 -185144.729614258 0 -152789.154052734 -161847.473144531 -110984.786987305 -11589.4069671631 0 0 0 0 0 0
"bolivia" 0 0 0 0 0 0 -35.5004444718361 -70.8158165216446 -200.440019369125 -439.407587051392 0 0 -657.47731924057 -3750.54883956909 -2464.81275558472 -943.142533302307 0 0
"brasil" 0 0 0 0 0 0 24452.9762268066 0 0 0 0 0 151633.834838867 -10711.8549346924 1046.94151878357 0 0 0
"colombia" 0 0 0 0 0 0 -218.514293432236 -5.01595018431544 0 0 0 0 -447.446048259735 -78.6077380180359 -6.0875928029418 0 0 0
"ghana" 0 0 0 0 0 0 0 0 0 0 0 0 -1736.07361316681 -2033.03480148315 -27.6385564357042 0 0 0
"ivorycoast" 0 0 0 0 0 0 0 0 0 0 0 0 -30519.4778442383 -134762.115478516 -18123.6743927002 0 0 0
"indonesia" 0 0 0 0 0 0 0 0 0 0 0 0 -7305.23777008057 -100.071363151073 -107.884004712105 0 0 0
"madagascar" 0 0 0 0 0 0 0 0 0 0 0 0 -21197.6013183594 -1375.523686409 -754.545867443085 0 0 0
"malasya" 0 0 0 0 0 0 0 0 0 0 0 0 -2909.05833244324 0 0 0 0 0
"mozambique" 0 0 0 0 0 0 0 0 0 0 0 0 0 -1875.07939338684 -3620.53298950195 -1038.06090354919 0 0
"myanmar" 0 0 0 0 0 0 -110.043808817863 -981.171369552612 0 0 0 0 0 -2613.67344856262 -1090.48712253571 0 0 0
"nigeria" 0 0 0 0 0 0 0 0 0 0 0 0 -4840.22426605225 -30296.6232299805 -2001.13773345947 0 0 0
"paraguay" 0 0 0 0 0 0 -1350.72803497314 0 0 0 0 0 -1034.08312797546 0 0 0 0 0
"peru" 0 0 0 0 0 0 2198.11391830444 2922.73950576782 1331.74884319305 1542.42813587189 3769.64688301086 207.889884710312 7015.61307907104 750.57315826416 567.768096923828 498.09455871582 268.101751804352 162.650942802429
"uruguay" 0 0 0 0 0 0 0 0 0 0 0 0 0 0 0 0 0 0
"venezuela" 0 0 0 0 0 0 0 0 0 0 0 0 894.918262958527 1115.97788333893 214.779585599899 0 13.957928866148 0
"newzealand" 0 0 -44.5788092911243 0 0 0 -5095.8776473999 -2081.82001113892 0 0 0 0 0 0 0 0 0 0
"oceania" 0 0 0 0 0 0 -2417.77539253235 -4447.87311553955 -3116.62793159485 -293.493568897247 0 0 -22.7102357894182 -1179.11565303802 -216.051608324051 0 0 0
"china" 0 0 0 -2656.06355667114 0 -15.9686040133238 -15631.4277648926 -18291.1930084229 -13750.9536743164 -6056.66589736938 -15.9117076545954 -4.54432656988502 -381.230801343918 -586.618304252625 0 0 0 0
"japan" 0 0 0 -1.56798691023141 0 0 -10.9979314729571 8.45817942172289 -29.1199572384357 -2.23703472875059 0 0 0 0 0 0 0 0
"korea" 0 0 0 0 0 0 0 -554.964423179626 -226.864472031593 0 0 0 0 0 0 0 0 0
"india" 0 0 0 0 0 0 1824.83696937561 847.987174987793 785.714507102966 1417.81544685364 512.963235378265 0 0 4333.51469039917 31280.4718017578 19682.7125549316 1527.78840065002 0
"eastasia" 0 0 0 -1328.27627658844 -165.082901716232 0 0 -181.562975049019 -15422.8744506836 -1346.3808298111 0 0 -545.781135559082 0 0 0 0 0
"seasia" 0 0 0 0 0 0 1517.37976074219 587.896585464478 3.77407856285572 0 0 0 16692.6498413086 13711.8463516235 9746.65355682373 0 0 0
"southasia" 0 0 0 0 0 0 0 -399.129837751389 -3690.27972221375 -5.71210868656635 -0.525203824508935 0 -1261.71457767487 -9309.90600585938 -4550.07314682007 0 0 0
"us" 0 0 0 -2.73116584867239 -839.892387390137 -59.0486973524094 -57373.1689453125 -65182.6858520508 -131241.302490234 -10928.391456604 -14614.8710250854 -844.395875930786 0 0 0 0 0 0
"canada" 0 0 -1945.18184661865 -76906.9519042969 -23385.5514526367 0 0 -612.957775592804 -125968.658447266 -238385.406494141 -46610.1875305176 0 0 0 0 0 0 0
"mexico" 0 0 0 0 0 0 -154.996871948242 -626.970946788788 -3976.38940811157 -1386.36898994446 -150.947213172913 108.795836567879 -2785.27784347534 -5568.20344924927 -4587.99934387207 -2374.03106689453 -26.0396245867014 0
"latinamer" 0 -182.08122253418 -1324.27656650543 -1678.3287525177 -3693.15385818481 -218.922778964043 -6652.21405029297 -4666.05663299561 -4757.07817077637 -3116.24693870544 -1897.0730304718 -712.605237960815 -42582.7293395996 -23156.1622619629 -9688.1685256958 -540.088713169098 -272.038996219635 0
"eu27" 0 0 12.743141502142 21470.7660675049 167.595162987709 0 6313.51089477539 46952.3658752441 217290.130615234 23931.791305542 0 0 0 0 0 0 0 0
"uk" 0 0 -1322.86548614502 -118.719153106213 0 0 -432.261288166046 -5958.52184295654 -10403.2173156738 0 0 0 0 0 0 0 0 0
"russia" 0 0 0 -78503.4332275391 -22253.9978027344 -1541.08870029449 0 -278.052628040314 -18104.4178009033 -56984.3292236328 -8555.76705932617 0 0 0 0 0 0 0
"efta" 0 0 15.0272436439991 238.576292991638 -198.366194963455 0 0 0 -131.403759121895 0 0 0 0 0 0 0 0 0
"mena" 0 0 0 -10.225648060441 -77.0416781306267 0 0 -968.975782394409 -30426.8913269043 -46131.6719055176 -10950.3555297852 -29.3488949537277 0 0 0 0 0 0
"ssa" 0 0 0 0 0 0 0 13050.7841110229 8690.43731689453 1521.50702476501 68.243570625782 0 50591.2132263184 75976.4099121094 69799.430847168 11031.5322875977 447.599232196808 0
"restofworld" 0 0 -10.7529684901237 -638.098061084747 -2257.3618888855 -114.586107432842 -937.513411045074 -4479.21085357666 -92634.8266601562 -23195.5871582031 -59.2279210686684 0 0 0 0 0 0 0
