"angdrc" 0 0 0 0 0 0 0 0 -495.887994766235 -434.324711561203 0 0 -1204.0239572525 -3885.65015792847 -3729.57277297974 -783.970832824707 0 0
"argentina" 0 0 0 206.332683563232 317.662417888641 244.461566209793 -559.929132461548 0 -2250.57649612427 901.642322540283 2452.28147506714 284.915268421173 0 0 0 0 0 0
"bolivia" 0 0 0 0 0 0 47.6532950997353 126.388549804688 308.914601802826 681.122779846191 0 0 974.757075309753 4384.8443031311 3104.33030128479 1382.45844841003 0 0
"brasil" 0 0 0 0 0 0 -115926.811218262 0 0 0 0 0 -725842.346191406 -137206.954956055 -38934.1812133789 0 0 0
"colombia" 0 0 0 0 0 0 -64.3468201160431 -0.132929533720016 0 0 0 0 1194.00036334991 -14.5788379013538 -2.4497420527041 0 0 0
"ghana" 0 0 0 0 0 0 0 0 0 0 0 0 -97208.9309692383 139776.062011719 5925.43411254883 0 0 0
"ivorycoast" 0 0 0 0 0 0 0 0 0 0 0 0 161354.934692383 45435.0128173828 569.746136665344 0 0 0
"indonesia" 0 0 0 0 0 0 0 0 0 0 0 0 57612.1673583984 3328.20677757263 14680.5276870728 0 0 0
"madagascar" 0 0 0 0 0 0 0 0 0 0 0 0 -21769.947052002 -1276.4585018158 -688.847541809082 0 0 0
"malasya" 0 0 0 0 0 0 0 0 0 0 0 0 -5902.95600891113 0 0 0 0 0
"mozambique" 0 0 0 0 0 0 0 0 0 0 0 0 0 73.6785605549812 956.373453140259 285.537093877792 0 0
"myanmar" 0 0 0 0 0 0 -219.135940074921 -1868.98684501648 0 0 0 0 0 -4981.71901702881 -2216.19844436646 0 0 0
"nigeria" 0 0 0 0 0 0 0 0 0 0 0 0 3846.19879722595 24526.0887145996 1513.08274269104 0 0 0
"paraguay" 0 0 0 0 0 0 1101.03273391724 0 0 0 0 0 1219.1721200943 0 0 0 0 0
"peru" 0 0 0 0 0 0 3167.87815093994 4134.50527191162 1908.09392929077 2203.7250995636 5331.02130889893 301.062762737274 7810.79530715942 973.767518997192 805.269479751587 703.26817035675 378.753960132599 233.119890093803
"uruguay" 0 0 0 0 0 0 0 0 0 0 0 0 0 0 0 0 0 0
"venezuela" 0 0 0 0 0 0 0 0 0 0 0 0 -4753.39794158936 -5831.5806388855 -1132.56597518921 0 -70.6759840250015 0
"newzealand" 0 0 -19.4743871688843 0 0 0 -3280.97891807556 -1281.37314319611 0 0 0 0 0 0 0 0 0 0
"oceania" 0 0 0 0 0 0 -2270.39194107056 -4053.27320098877 -2815.2163028717 -264.694482088089 0 0 -24.3946276605129 -1218.92940998077 -196.839928627014 0 0 0
"china" 0 0 0 6736.09447479248 0 110.672727227211 40044.9600219727 26661.2720489502 20518.0358886719 20850.2006530762 93.0334031581879 32.413937151432 651.053071022034 1733.91723632812 0 0 0 0
"japan" 0 0 0 -145.321920514107 0 0 -2420.54605484009 -3255.76710700989 -4897.25589752197 -329.705834388733 0 0 0 0 0 0 0 0
"korea" 0 0 0 0 0 0 0 -801.060676574707 -294.030845165253 0 0 0 0 0 0 0 0 0
"india" 0 0 0 0 0 0 -3220.73125839233 -1373.15154075623 -1246.95467948914 -2005.29527664185 -757.757663726807 0 0 -7700.91819763184 -50747.6844787598 -30863.697052002 -1910.38775444031 0
"eastasia" 0 0 0 838.13613653183 278.683632612228 0 0 -204.040139913559 -17789.5603179932 138.390406966209 0 0 -453.928202390671 0 0 0 0 0
"seasia" 0 0 0 0 0 0 -1182.42764472961 -628.101825714111 -4.0877740830183 0 0 0 -16905.3440093994 -9793.28918457031 -9920.25279998779 0 0 0
"southasia" 0 0 0 0 0 0 0 -248.995944857597 -2369.2569732666 -2.19661858864129 1.80785614065826 0 -937.459707260132 -7998.96717071533 -4024.14512634277 0 0 0
"us" 0 0 0 12.337688356638 3339.22410011292 334.599077701569 -44626.9912719727 -47850.5744934082 -103229.904174805 -3145.72143554688 13256.4563751221 3602.14781761169 0 0 0 0 0 0
"canada" 0 0 -1631.72793388367 -64331.2911987305 -19870.8000183105 0 0 -644.954800605774 -116361.267089844 -208035.339355469 -38655.8265686035 0 0 0 0 0 0 0
"mexico" 0 0 0 0 0 0 -132.969975471497 -516.743898391724 -3443.99285316467 1591.5846824646 815.372347831726 539.936184883118 -2618.93701553345 -4786.99970245361 -2630.34105300903 678.927659988403 219.41302716732 0
"latinamer" 0 -95.9691852331161 -708.889544010162 -888.659417629242 -1940.89317321777 -114.008158445358 -4009.57775115967 -2976.90606117249 -2693.37201118469 -1743.19982528687 -1009.04893875122 -372.465580701828 -30639.1448974609 -15672.6245880127 -6802.4525642395 -359.266877174377 -271.135866641998 0
"eu27" 0 0 -27.9006622731686 -40766.9448852539 -809.332072734833 0 -16080.3031921387 -94623.8784790039 -367339.172363281 -44182.6019287109 0 0 0 0 0 0 0 0
"uk" 0 0 219.675421714783 11.8473982438445 0 0 -84.1426625847816 -1824.64420795441 -3326.25842094421 0 0 0 0 0 0 0 0 0
"russia" 0 0 0 -21614.5629882812 -3392.28773117065 -168.585523962975 0 -55.0928115844727 -1988.67154121399 -7578.16219329834 -1334.04016494751 0 0 0 0 0 0 0
"efta" 0 0 -64.5157247781754 -902.975916862488 384.125798940659 0 0 0 -103.740483522415 0 0 0 0 0 0 0 0 0
"mena" 0 0 0 -5.33332768827677 -48.3226478099823 0 0 -727.986931800842 -24856.3709259033 -33803.1616210938 -3935.05859375 2.99862585961819 0 0 0 0 0 0
"ssa" 0 0 0 0 0 0 0 3369.83776092529 4460.6761932373 1496.33252620697 78.6261856555939 0 28032.3429107666 25699.3637084961 35040.9545898438 10812.0718002319 437.270820140839 0
"restofworld" 0 0 -2.93994834646583 10.9428130090237 -66.4885640144348 8.08972958475351 -302.943766117096 -1194.68128681183 -40882.8430175781 -6224.72286224365 -0.875423662364483 0 0 0 0 0 0 0
