"angdrc" 0 0 0 0 0 0 0 0 1330.7284116745 1194.61917877197 0 0 1625.98836421967 7970.08466720581 10344.01512146 2260.35451889038 0 0
"argentina" 0 0 0 97.2281619906425 149.785324931145 114.738471806049 1169.03817653656 0 -26.4317095279694 921.551465988159 1268.88942718506 138.176530599594 0 0 0 0 0 0
"bolivia" 0 0 0 0 0 0 -10.7601499184966 -6.16051582619548 -39.518129080534 -95.7497507333755 0 0 -152.680203318596 -1400.21419525146 -738.238453865051 -206.526130437851 0 0
"brasil" 0 0 0 0 0 0 51392.162322998 0 0 0 0 0 306975.158691406 81274.5056152344 15379.4765472412 0 0 0
"colombia" 0 0 0 0 0 0 358.763813972473 13.1797706708312 0 0 0 0 5851.75228118896 159.984678030014 7.17554148286581 0 0 0
"ghana" 0 0 0 0 0 0 0 0 0 0 0 0 5368.26467514038 4894.39392089844 49.7214309871197 0 0 0
"ivorycoast" 0 0 0 0 0 0 0 0 0 0 0 0 -501837.554931641 -2981579.1015625 -404642.761230469 0 0 0
"indonesia" 0 0 0 0 0 0 0 0 0 0 0 0 57054.2984008789 3208.94527435303 14207.8075408936 0 0 0
"madagascar" 0 0 0 0 0 0 0 0 0 0 0 0 -11067.7766799927 -645.779669284821 -347.746044397354 0 0 0
"malasya" 0 0 0 0 0 0 0 0 0 0 0 0 -3902.09865570068 0 0 0 0 0
"mozambique" 0 0 0 0 0 0 0 0 0 0 0 0 0 -618.919014930725 -837.02826499939 -242.914199829102 0 0
"myanmar" 0 0 0 0 0 0 -145.180568099022 -1192.06297397614 0 0 0 0 0 -3326.2414932251 -1488.78002166748 0 0 0
"nigeria" 0 0 0 0 0 0 0 0 0 0 0 0 -3709.14435386658 -21940.5612945557 -1535.18068790436 0 0 0
"paraguay" 0 0 0 0 0 0 239.945381879807 0 0 0 0 0 -631.858944892883 0 0 0 0 0
"peru" 0 0 0 0 0 0 3176.11360549927 4188.25626373291 1918.9590215683 2220.23820877075 5405.43174743652 301.214456558228 9092.73147583008 1029.79564666748 812.707126140594 711.465299129486 383.810132741928 234.548211097717
"uruguay" 0 0 0 0 0 0 0 0 0 0 0 0 0 0 0 0 0 0
"venezuela" 0 0 0 0 0 0 0 0 0 0 0 0 495.094001293182 636.021494865417 118.851706385612 0 8.34198854863644 0
"newzealand" 0 0 7.55965895950794 0 0 0 -187.584728002548 -17.175704240799 0 0 0 0 0 0 0 0 0 0
"oceania" 0 0 0 0 0 0 -1398.13613891602 -2484.2529296875 -1780.98702430725 -164.73862528801 0 0 -15.7519355416298 -778.797388076782 -118.845090270042 0 0 0
"china" 0 0 0 1793.26057434082 0 52.6567846536636 10260.3244781494 58.296374976635 560.63711643219 7322.61371612549 42.1548038721085 15.6145980581641 48.9547774195671 521.629571914673 0 0 0 0
"japan" 0 0 0 -62.7458542585373 0 0 -1045.60506343842 -1400.11096000671 -2097.99766540527 -141.859233379364 0 0 0 0 0 0 0 0
"korea" 0 0 0 0 0 0 0 -283.307403326035 -105.967685580254 0 0 0 0 0 0 0 0 0
"india" 0 0 0 0 0 0 -1850.13151168823 -794.261634349823 -713.981032371521 -1152.9004573822 -466.525435447693 0 0 -4761.59191131592 -30649.585723877 -19466.6213989258 -1322.51191139221 0
"eastasia" 0 0 0 575.755476951599 179.854840040207 0 0 -111.711025238037 -9898.70834350586 173.289746046066 0 0 -224.604859948158 0 0 0 0 0
"seasia" 0 0 0 0 0 0 -672.540664672852 -334.160476922989 -2.08908203057945 0 0 0 -9162.82939910889 -5382.91168212891 -5238.43479156494 0 0 0
"southasia" 0 0 0 0 0 0 0 -165.560722351074 -1531.09669685364 -1.47234043106437 1.26509554684162 0 -612.277507781982 -5079.60844039917 -2570.23501396179 0 0 0
"us" 0 0 0 7.7851889654994 2115.91577529907 210.793077945709 -32753.9291381836 -38273.5748291016 -93393.5775756836 -2909.67512130737 7644.71864700317 2250.08487701416 0 0 0 0 0 0
"canada" 0 0 -1436.17701530457 -56610.8551025391 -17161.678314209 0 0 -452.144682407379 -98660.5377197266 -182062.744140625 -33110.279083252 0 0 0 0 0 0 0
"mexico" 0 0 0 0 0 0 -80.4106444120407 -315.785706043243 -2105.86071014404 338.45841884613 284.995675086975 228.672221302986 -1529.18028831482 -2970.86763381958 -2062.16287612915 -222.466975450516 80.2714824676514 0
"latinamer" 0 -4.24301018938422 -42.1739295125008 -43.2255044579506 -79.2578607797623 -3.52786807343364 -695.350408554077 -706.721901893616 -310.140252113342 -177.852869033813 -52.5614358484745 -12.6831429079175 -9279.34837341309 -4206.75563812256 -2071.20275497437 -84.8629251122475 -104.269683361053 0
"eu27" 0 0 -14.7222708910704 -22288.7649536133 -379.597276449203 0 -8380.63526153564 -51972.4197387695 -209550.903320312 -24789.6728515625 0 0 0 0 0 0 0 0
"uk" 0 0 127.452030777931 7.04657752066851 0 0 -47.8190667927265 -1068.86732578278 -1951.57539844513 0 0 0 0 0 0 0 0 0
"russia" 0 0 0 3080.23405075073 3809.90028381348 301.470518112183 0 31.6893458366394 4069.37313079834 11047.0886230469 1429.10957336426 0 0 0 0 0 0 0
"efta" 0 0 63.9955177903175 660.943865776062 408.057451248169 0 0 0 1294.12126541138 0 0 0 0 0 0 0 0 0
"mena" 0 0 0 -2.08574067801237 -21.0801865905523 0 0 -344.408750534058 -12868.8983917236 -16481.6188812256 -1161.43798828125 5.96775952726603 0 0 0 0 0 0
"ssa" 0 0 0 0 0 0 0 25239.8796081543 17937.1471405029 3476.15575790405 161.245331168175 0 107418.357849121 153397.354125977 144985.382080078 25287.3516082764 1025.00772476196 0
"restofworld" 0 0 -1.13822391722351 37.9658862948418 64.7841244935989 10.4194665327668 -129.000023007393 -508.129715919495 -20515.2130126953 -2852.05388069153 2.08802311681211 0 0 0 0 0 0 0
