"angdrc" 0 0 0 0 0 0 0 0 -252.99870967865 -270.751953125 0 0 666.293799877167 86.5628123283386 -2072.31903076172 -552.440047264099 0 0
"argentina" 0 0 0 -8450.04463195801 -12676.6052246094 -9714.9076461792 -184848.999023438 0 -151500 -161682.968139648 -111502.639770508 -11650.8235931396 0 0 0 0 0 0
"bolivia" 0 0 0 0 0 0 -30.2643086761236 -53.544245660305 -161.55107319355 -360.755324363708 0 0 -541.063368320465 -3316.71571731567 -2100.2893447876 -774.188756942749 0 0
"brasil" 0 0 0 0 0 0 34303.4820556641 0 0 0 0 0 199126.678466797 14161.5047454834 5194.09704208374 0 0 0
"colombia" 0 0 0 0 0 0 -195.344865322113 -3.36919305846095 0 0 0 0 573.244214057922 -62.8098547458649 -5.84551226347685 0 0 0
"ghana" 0 0 0 0 0 0 0 0 0 0 0 0 5727.80179977417 5795.08352279663 67.8209215402603 0 0 0
"ivorycoast" 0 0 0 0 0 0 0 0 0 0 0 0 106986.343383789 23559.9422454834 -391.897022724152 0 0 0
"indonesia" 0 0 0 0 0 0 0 0 0 0 0 0 717.025101184845 51.1526688933372 60.581274330616 0 0 0
"madagascar" 0 0 0 0 0 0 0 0 0 0 0 0 -10926.0816574097 -682.60645866394 -371.827691793442 0 0 0
"malasya" 0 0 0 0 0 0 0 0 0 0 0 0 387.036263942719 0 0 0 0 0
"mozambique" 0 0 0 0 0 0 0 0 0 0 0 0 0 -624.543428421021 -1014.21141624451 -298.247158527374 0 0
"myanmar" 0 0 0 0 0 0 15.4539085924625 71.60784304142 0 0 0 0 0 250.389069318771 114.977523684502 0 0 0
"nigeria" 0 0 0 0 0 0 0 0 0 0 0 0 -2677.20723152161 -16466.0587310791 -1105.11791706085 0 0 0
"paraguay" 0 0 0 0 0 0 -1264.10841941833 0 0 0 0 0 -942.179679870605 0 0 0 0 0
"peru" 0 0 0 0 0 0 2840.39950370789 3756.63042068481 1718.02985668182 1988.26813697815 4845.99351882935 269.093126058578 8448.38333129883 941.159963607788 730.190992355347 639.712929725647 344.230264425278 209.849536418915
"uruguay" 0 0 0 0 0 0 0 0 0 0 0 0 0 0 0 0 0 0
"venezuela" 0 0 0 0 0 0 0 0 0 0 0 0 1063.80760669708 1314.26787376404 254.611968994141 0 16.1586571484804 0
"newzealand" 0 0 -27.5575518608093 0 0 0 -3136.878490448 -1281.91447257996 0 0 0 0 0 0 0 0 0 0
"oceania" 0 0 0 0 0 0 -1294.37351226807 -2315.25468826294 -1679.22794818878 -154.457300901413 0 0 -13.9405280351639 -692.134380340576 -109.213463962078 0 0 0
"china" 0 0 0 -493.843913078308 0 10.9188295900822 -2605.21054267883 -7122.3349571228 -5196.77448272705 69.4926083087921 7.4325930327177 3.26473219320178 -122.569896280766 -51.9041195511818 0 0 0 0
"japan" 0 0 0 -61.6344325244427 0 0 -1018.28920841217 -1356.12893104553 -2049.88098144531 -138.98104429245 0 0 0 0 0 0 0 0
"korea" 0 0 0 0 0 0 0 -273.144036531448 -107.361264526844 0 0 0 0 0 0 0 0 0
"india" 0 0 0 0 0 0 2430.63521385193 1128.99935245514 1028.29742431641 1706.67147636414 619.854688644409 0 0 6110.01682281494 42232.0938110352 26817.3599243164 2044.15798187256 0
"eastasia" 0 0 0 541.14955663681 -18.7173280864954 0 0 245.043337345123 18836.5631103516 771.12865447998 0 0 694.769322872162 0 0 0 0 0
"seasia" 0 0 0 0 0 0 -418.534874916077 -178.292065858841 -1.43271964043379 0 0 0 -6220.55625915527 -3553.42817306519 -3459.48815345764 0 0 0
"southasia" 0 0 0 0 0 0 0 -256.982266902924 -2289.67666625977 -3.7110080011189 -0.188742618774995 0 -516.404390335083 -5290.34471511841 -2696.28858566284 0 0 0
"us" 0 0 0 2.34846398234367 606.625437736511 69.0352916717529 -37761.8713378906 -42899.2500305176 -92612.548828125 -5410.65454483032 -2114.95113372803 644.662976264954 0 0 0 0 0 0
"canada" 0 0 -1379.13823127747 -54272.0985412598 -16325.7236480713 0 0 -373.992085456848 -91805.0308227539 -171573.455810547 -31837.3508453369 0 0 0 0 0 0 0
"mexico" 0 0 0 0 0 0 -99.396601319313 -395.573407411575 -2500.82945823669 -421.430945396423 63.9141201972961 137.619271874428 -1839.1637802124 -3589.29681777954 -2808.2857131958 -1085.83903312683 27.4731572717428 0
"latinamer" 0 -127.118065953255 -922.708332538605 -1171.00262641907 -2580.01971244812 -153.222098946571 -4570.37830352783 -3154.78324890137 -3288.07830810547 -2161.08751296997 -1324.87964630127 -498.827308416367 -28258.4819793701 -15510.6372833252 -6407.21225738525 -365.295350551605 -173.38439822197 0
"eu27" 0 0 -22.4319379776716 -26317.9206848145 -887.387990951538 0 -13565.4373168945 -72668.8537597656 -269731.781005859 -35362.8311157227 0 0 0 0 0 0 0 0
"uk" 0 0 -122.229516506195 -14.0676833689213 0 0 -103.455260396004 -1709.9335193634 -3037.45412826538 0 0 0 0 0 0 0 0 0
"russia" 0 0 0 -16380.4035186768 -3338.68145942688 -177.265167236328 0 -52.2280856966972 -2514.90163803101 -8404.78992462158 -1294.49439048767 0 0 0 0 0 0 0
"efta" 0 0 -58.3893470466137 -750.060796737671 132.459163665771 0 0 0 -417.347371578217 0 0 0 0 0 0 0 0 0
"mena" 0 0 0 5.30619453638792 37.4515429139137 0 0 443.981438875198 12771.1629867554 21571.6209411621 5603.17802429199 16.6343357414007 0 0 0 0 0 0
"ssa" 0 0 0 0 0 0 0 17870.5978393555 11882.4710845947 2108.25610160828 94.8019698262215 0 69870.1934814453 103996.90246582 94936.8133544922 15291.5077209473 619.802474975586 0
"restofworld" 0 0 -1.33000663481653 -16.7928505688906 -118.067711591721 -0.530189427081496 -174.864366650581 -684.698939323425 -22160.4957580566 -3609.64798927307 -2.49450793489814 0 0 0 0 0 0 0
