"angdrc" 0 0 0 0 0 0 0 0 297.453552484512 272.496074438095 0 0 113.600634038448 1368.70622634888 2327.06618309021 522.430062294006 0 0
"argentina" 0 0 0 42.0338734984398 64.685732126236 49.7239418327808 -168.767839670181 0 -1122.64108657837 -195.131689310074 495.793640613556 58.3770051598549 0 0 0 0 0 0
"bolivia" 0 0 0 0 0 0 -22.4483460187912 -38.0128584802151 -116.114467382431 -257.43567943573 0 0 -393.084347248077 -2459.93494987488 -1494.03357505798 -536.694228649139 0 0
"brasil" 0 0 0 0 0 0 39128.0899047852 0 0 0 0 0 227874.465942383 54367.2485351562 10920.4168319702 0 0 0
"colombia" 0 0 0 0 0 0 71.1153298616409 4.17280755937099 0 0 0 0 2557.67726898193 41.7228043079376 0.81912474706769 0 0 0
"ghana" 0 0 0 0 0 0 0 0 0 0 0 0 460.996150970459 581.958413124084 10.7949506491423 0 0 0
"ivorycoast" 0 0 0 0 0 0 0 0 0 0 0 0 151350.341796875 38549.6215820312 -53.6781549453735 0 0 0
"indonesia" 0 0 0 0 0 0 0 0 0 0 0 0 -7591.14599227905 -73.6701488494873 -17.0808993279934 0 0 0
"madagascar" 0 0 0 0 0 0 0 0 0 0 0 0 -21391.5939331055 -1346.59421443939 -735.246658325195 0 0 0
"malasya" 0 0 0 0 0 0 0 0 0 0 0 0 31421.9818115234 0 0 0 0 0
"mozambique" 0 0 0 0 0 0 0 0 0 0 0 0 0 -1064.41271305084 -1960.69931983948 -572.753548622131 0 0
"myanmar" 0 0 0 0 0 0 -106.218233704567 -907.638728618622 0 0 0 0 0 -2486.30380630493 -1009.81533527374 0 0 0
"nigeria" 0 0 0 0 0 0 0 0 0 0 0 0 -3866.4345741272 -24524.0345001221 -1521.29900455475 0 0 0
"paraguay" 0 0 0 0 0 0 38.0252152681351 0 0 0 0 0 -661.476850509644 0 0 0 0 0
"peru" 0 0 0 0 0 0 2534.26122665405 3358.03842544556 1533.69653224945 1775.48658847809 4331.78615570068 239.947289228439 7738.38424682617 847.693860530853 652.274131774902 571.711778640747 307.817071676254 187.337011098862
"uruguay" 0 0 0 0 0 0 0 0 0 0 0 0 0 0 0 0 0 0
"venezuela" 0 0 0 0 0 0 0 0 0 0 0 0 1047.7215051651 1292.47689247131 250.862151384354 0 15.854686498642 0
"newzealand" 0 0 -4.26622107625008 0 0 0 -1419.30270195007 -527.184963226318 0 0 0 0 0 0 0 0 0 0
"oceania" 0 0 0 0 0 0 -1271.7719078064 -2106.17327690125 -1564.66364860535 -143.847987055779 0 0 -17.716059461236 -823.939740657806 -101.168803870678 0 0 0
"china" 0 0 0 -299.11270737648 0 19.8848750442266 -1870.39661407471 -8390.85960388184 -5939.78214263916 1001.56092643738 14.334773644805 5.99856022745371 -148.400947451591 -2.8145145624876 0 0 0 0
"japan" 0 0 0 -79.2510136961937 0 0 -1309.23688411713 -1752.04360485077 -2645.03908157349 -178.970500826836 0 0 0 0 0 0 0 0
"korea" 0 0 0 0 0 0 0 -347.399652004242 -137.726306915283 0 0 0 0 0 0 0 0 0
"india" 0 0 0 0 0 0 -1569.97203826904 -710.334658622742 -597.13888168335 -1112.71333694458 -393.944799900055 0 0 -4430.29832839966 -28141.6778564453 -17596.0121154785 -1118.65162849426 0
"eastasia" 0 0 0 404.300183057785 -23.079376667738 0 0 197.838693857193 15144.2737579346 578.156590461731 0 0 564.21035528183 0 0 0 0 0
"seasia" 0 0 0 0 0 0 -692.857265472412 -284.060955047607 -2.3490865714848 0 0 0 -9285.06088256836 -6203.95374298096 -5737.70236968994 0 0 0
"southasia" 0 0 0 0 0 0 0 -149.437293410301 -1392.18211174011 -1.81391334626824 0.38834911538288 0 -606.167733669281 -4006.4549446106 -1967.89693832397 0 0 0
"us" 0 0 0 2.00903508812189 502.031564712524 62.0804503560066 -39305.8815002441 -47750.8316040039 -104668.968200684 -6586.30800247192 -3587.65387535095 599.172353744507 0 0 0 0 0 0
"canada" 0 0 -1554.71229553223 -61222.9804992676 -18499.7634887695 0 0 -467.124253511429 -105275.161743164 -193311.767578125 -35967.0524597168 0 0 0 0 0 0 0
"mexico" 0 0 0 0 0 0 -113.281339406967 -452.503323554993 -2786.24486923218 -369.057595729828 117.043875157833 168.45577955246 -2123.23474884033 -4131.73198699951 -3166.03112220764 -1134.08374786377 41.9121310114861 0
"latinamer" 0 -57.7415525913239 -431.962758302689 -536.85474395752 -1165.10319709778 -67.8732842206955 -2664.18933868408 -2097.60975837708 -1717.49472618103 -1100.48580169678 -611.459910869598 -222.388684749603 -22013.2217407227 -11162.7159118652 -4987.89548873901 -246.966391801834 -188.600540161133 0
"eu27" 0 0 17.6111198961735 21850.4848480225 635.793447494507 0 10471.5442657471 59211.109161377 236553.421020508 29794.6853637695 0 0 0 0 0 0 0 0
"uk" 0 0 -1005.06401062012 -91.3560390472412 0 0 -354.366391897202 -4998.40116500854 -8741.11080169678 0 0 0 0 0 0 0 0 0
"russia" 0 0 0 -30938.7798309326 -7217.50974655151 -406.069278717041 0 -103.30505669117 -5782.01150894165 -18561.9621276855 -2793.70951652527 0 0 0 0 0 0 0
"efta" 0 0 -373.636573553085 -3984.67350006104 -719.039142131805 0 0 0 -4393.62812042236 0 0 0 0 0 0 0 0 0
"mena" 0 0 0 3.67750134319067 28.4991785883904 0 0 375.671476125717 12085.9899520874 18727.5619506836 3530.11584281921 6.21059257537127 0 0 0 0 0 0
"ssa" 0 0 0 0 0 0 0 -13093.0261611938 -7999.14121627808 -1190.42897224426 -49.5733544230461 0 -45727.7984619141 -69473.2971191406 -62593.1816101074 -8526.53121948242 -342.950522899628 0
"restofworld" 0 0 -6.6996430978179 -429.99592423439 -1538.91026973724 -76.6366571187973 -669.184744358063 -3124.69601631165 -64437.3321533203 -15922.0170974731 -39.6547541022301 0 0 0 0 0 0 0
