"angdrc" 0 0 0 0 0 0 0 0 -6491.49703979492 10445.8827972412 0 0 -432225.006103516 -299216.674804688 95156.2652587891 34478.3172607422 0 0
"argentina" 0 0 0 148.675680160522 228.81144285202 176.362782716751 -1496.50311470032 0 -2646.93903923035 80.5427730083466 1676.65958404541 203.619077801704 0 0 0 0 0 0
"bolivia" 0 0 0 0 0 0 28.2617956399918 81.6264599561691 192.643821239471 421.700954437256 0 0 597.693860530853 2487.23125457764 1854.44831848145 859.82620716095 0 0
"brasil" 0 0 0 0 0 0 -114576.599121094 0 0 0 0 0 -704490.173339844 -144847.747802734 -39598.3200073242 0 0 0
"colombia" 0 0 0 0 0 0 -626.192092895508 -16.5570415556431 0 0 0 0 -3515.42115211487 -238.247781991959 -16.2444785237312 0 0 0
"ghana" 0 0 0 0 0 0 0 0 0 0 0 0 3626.17635726929 4074.34606552124 54.8601001501083 0 0 0
"ivorycoast" 0 0 0 0 0 0 0 0 0 0 0 0 126516.51763916 29577.3315429688 -342.488765716553 0 0 0
"indonesia" 0 0 0 0 0 0 0 0 0 0 0 0 -1626.03878974915 4.57610748708248 241.870582103729 0 0 0
"madagascar" 0 0 0 0 0 0 0 0 0 0 0 0 -15025.6814956665 -891.179203987122 -481.472790241241 0 0 0
"malasya" 0 0 0 0 0 0 0 0 0 0 0 0 -329.708188772202 0 0 0 0 0
"mozambique" 0 0 0 0 0 0 0 0 0 0 0 0 0 -195.025771856308 60.9130263328552 27.8802029788494 0 0
"myanmar" 0 0 0 0 0 0 -156.205385923386 -1363.00957202911 0 0 0 0 0 -3575.11067390442 -1506.83283805847 0 0 0
"nigeria" 0 0 0 0 0 0 0 0 0 0 0 0 4355.79204559326 27975.2655029297 1659.49130058289 0 0 0
"paraguay" 0 0 0 0 0 0 1046.68414592743 0 0 0 0 0 1395.10560035706 0 0 0 0 0
"peru" 0 0 0 0 0 0 3005.4657459259 3932.67774581909 1812.04974651337 2093.05047988892 5067.73090362549 285.363793373108 7692.72756576538 944.221198558807 767.650723457336 670.870661735535 360.044926404953 221.224173903465
"uruguay" 0 0 0 0 0 0 0 0 0 0 0 0 0 0 0 0 0 0
"venezuela" 0 0 0 0 0 0 0 0 0 0 0 0 -5104.53128814697 -6264.96315002441 -1216.09497070312 0 -76.0554298758507 0
"newzealand" 0 0 -30.7222194969654 0 0 0 -3823.69184494019 -1544.42059993744 0 0 0 0 0 0 0 0 0 0
"oceania" 0 0 0 0 0 0 -1542.20461845398 -2774.09267425537 -1944.63837146759 -183.38680267334 0 0 -16.3559429347515 -817.570924758911 -134.565323591232 0 0 0
"china" 0 0 0 3999.59015846252 0 58.858398348093 24813.1217956543 19048.7155914307 14317.5592422485 12070.1684951782 49.9867908656597 17.1283259987831 455.886840820312 1040.90547561646 0 0 0 0
"japan" 0 0 0 -111.279897391796 0 0 -1847.06735610962 -2479.58970069885 -3733.01720619202 -252.007752656937 0 0 0 0 0 0 0 0
"korea" 0 0 0 0 0 0 0 -690.215408802032 -254.110962152481 0 0 0 0 0 0 0 0 0
"india" 0 0 0 0 0 0 -1957.77201652527 -859.722018241882 -812.477111816406 -1307.06381797791 -473.497688770294 0 0 -4602.1671295166 -31560.5125427246 -19113.9335632324 -1248.20733070374 0
"eastasia" 0 0 0 107.796110212803 102.619215846062 0 0 -143.421769142151 -12805.027961731 -259.960114955902 0 0 -356.183499097824 0 0 0 0 0
"seasia" 0 0 0 0 0 0 -806.814432144165 -412.500530481339 -2.59536388330162 0 0 0 -11592.7124023438 -6851.39989852905 -6389.35613632202 0 0 0
"southasia" 0 0 0 0 0 0 0 -161.163523793221 -1524.10697937012 -1.81279424577951 0.66508079180494 0 -403.518319129944 -4512.25566864014 -2303.67398262024 0 0 0
"us" 0 0 0 6.04614103212953 1605.51357269287 168.14136505127 -35849.3728637695 -39637.9890441895 -83843.9865112305 -4504.68111038208 3470.8890914917 1767.27986335754 0 0 0 0 0 0
"canada" 0 0 -1299.15344715118 -50863.9450073242 -15716.0968780518 0 0 -553.039014339447 -93038.9175415039 -163883.911132812 -31735.8722686768 0 0 0 0 0 0 0
"mexico" 0 0 0 0 0 0 -120.323240756989 -470.11199593544 -3120.33200263977 714.912235736847 502.397656440735 371.693551540375 -2277.73332595825 -4228.89280319214 -2636.23666763306 -91.8708816170692 139.182224869728 0
"latinamer" 0 -107.117593288422 -784.597814083099 -989.741086959839 -2171.01812362671 -128.178775310516 -4172.71614074707 -2989.86768722534 -2894.34814453125 -1884.39989089966 -1121.76728248596 -418.069422245026 -29407.7777862549 -15356.1592102051 -6549.6940612793 -358.161389827728 -239.278942346573 0
"eu27" 0 0 -23.5868338495493 -33094.108581543 -717.520952224731 0 -13569.0355300903 -79188.7359619141 -305303.7109375 -37212.818145752 0 0 0 0 0 0 0 0
"uk" 0 0 100.943580269814 3.12129128724337 0 0 -84.8060622811317 -1673.16222190857 -3032.24682807922 0 0 0 0 0 0 0 0 0
"russia" 0 0 0 10230.3562164307 3311.05041503906 247.717469930649 0 41.4317697286606 2834.31792259216 8749.73773956299 1274.68252182007 0 0 0 0 0 0 0
"efta" 0 0 -67.4883723258972 -857.998907566071 257.111400365829 0 0 0 -258.565366268158 0 0 0 0 0 0 0 0 0
"mena" 0 0 0 2.06835987046361 12.337539345026 0 0 51.5685603022575 1639.48833942413 4923.72131347656 2495.57590484619 11.4215007051826 0 0 0 0 0 0
"ssa" 0 0 0 0 0 0 0 9188.40980529785 6151.42488479614 1218.77455711365 57.5498268008232 0 40394.115447998 55932.1136474609 50804.0351867676 8906.42166137695 363.456308841705 0
"restofworld" 0 0 -3.18920030258596 -45.6897169351578 -232.310235500336 -4.08342853188515 -295.400619506836 -1186.18774414062 -36634.349822998 -6163.52367401123 -5.51677215844393 0 0 0 0 0 0 0
