"angdrc" 0 0 0 0 0 0 0 0 -42192.7490234375 -26118.6447143555 0 0 -439784.271240234 -487153.076171875 -241037.887573242 -41545.1507568359 0 0
"argentina" 0 0 0 102.903820574284 158.623248338699 121.495380997658 1022.4609375 0 -325.982272624969 766.011774539948 1322.22235202789 146.085977554321 0 0 0 0 0 0
"bolivia" 0 0 0 0 0 0 -3.70583566837013 0.061842380091548 -10.1281525567174 -31.6121503710747 0 0 -45.3746803104877 -502.1071434021 -216.91220998764 -54.5656532049179 0 0
"brasil" 0 0 0 0 0 0 36477.9205322266 0 0 0 0 0 218418.029785156 57848.8883972168 10879.2858123779 0 0 0
"colombia" 0 0 0 0 0 0 189.100667834282 7.38523760810494 0 0 0 0 3168.59149932861 87.4031558632851 3.97831201553345 0 0 0
"ghana" 0 0 0 0 0 0 0 0 0 0 0 0 4210.10494232178 4386.5966796875 53.4646809101105 0 0 0
"ivorycoast" 0 0 0 0 0 0 0 0 0 0 0 0 85387.2528076172 19020.3056335449 -292.956233024597 0 0 0
"indonesia" 0 0 0 0 0 0 0 0 0 0 0 0 4139.89639282227 160.137385129929 366.523921489716 0 0 0
"madagascar" 0 0 0 0 0 0 0 0 0 0 0 0 29894.1383361816 1935.69660186768 1056.53524398804 0 0 0
"malasya" 0 0 0 0 0 0 0 0 0 0 0 0 -40.8454984426498 0 0 0 0 0
"mozambique" 0 0 0 0 0 0 0 0 0 0 0 0 0 3226.50599479675 6775.72345733643 1910.45737266541 0 0
"myanmar" 0 0 0 0 0 0 399.88449215889 3169.86441612244 0 0 0 0 0 8996.09088897705 3537.30654716492 0 0 0
"nigeria" 0 0 0 0 0 0 0 0 0 0 0 0 -3670.87626457214 -21074.2511749268 -1541.58902168274 0 0 0
"paraguay" 0 0 0 0 0 0 264.599055051804 0 0 0 0 0 -132.955253124237 0 0 0 0 0
"peru" 0 0 0 0 0 0 1643.85402202606 2164.36958312988 993.19052696228 1147.37355709076 2785.05945205688 155.726045370102 4626.24073028564 539.506316184998 423.537403345108 370.95695734024 197.667896747589 121.084854006767
"uruguay" 0 0 0 0 0 0 0 0 0 0 0 0 0 0 0 0 0 0
"venezuela" 0 0 0 0 0 0 0 0 0 0 0 0 306.82909488678 425.409644842148 74.5666548609734 0 6.107272580266 0
"newzealand" 0 0 52.621278911829 0 0 0 6437.05749511719 2600.89659690857 0 0 0 0 0 0 0 0 0 0
"oceania" 0 0 0 0 0 0 3704.79774475098 6902.08053588867 4903.71894836426 467.025995254517 0 0 38.2704138755798 1907.01711177826 334.82825756073 0 0 0
"china" 0 0 0 -3012.31908798218 0 -14.3834613263607 -16741.5027618408 -20564.5599365234 -15892.8098678589 -6561.80381774902 -15.438836067915 -4.09020064398646 -418.26531291008 -616.08499288559 0 0 0 0
"japan" 0 0 0 -145.749405026436 0 0 -2418.73359680176 -3242.95330047607 -4902.22930908203 -330.299258232117 0 0 0 0 0 0 0 0
"korea" 0 0 0 0 0 0 0 -1114.97044563293 -436.516731977463 0 0 0 0 0 0 0 0 0
"india" 0 0 0 0 0 0 -2159.76357460022 -978.575229644775 -942.450761795044 -1823.32181930542 -609.591901302338 0 0 -5540.13586044312 -39228.5308837891 -24633.3675384521 -1755.53023815155 0
"eastasia" 0 0 0 166.567027568817 175.651401281357 0 0 -259.259253740311 -24350.4753112793 -631.185114383698 0 0 -537.96112537384 0 0 0 0 0
"seasia" 0 0 0 0 0 0 -832.76903629303 -327.824801206589 -2.00195563957095 0 0 0 -10340.4579162598 -7967.37098693848 -5162.56475448608 0 0 0
"southasia" 0 0 0 0 0 0 0 -290.706813335419 -2589.98894691467 -3.93544137477875 0.246295967372134 0 -756.111443042755 -6467.75388717651 -3269.92011070251 0 0 0
"us" 0 0 0 8.84005427360535 2546.0057258606 216.691792011261 69449.8291015625 71247.1160888672 120783.966064453 14689.8527145386 26758.487701416 2720.19004821777 0 0 0 0 0 0
"canada" 0 0 1862.77055740356 70626.7776489258 21425.5065917969 0 0 679.740250110626 120480.972290039 227028.686523438 52883.3389282227 0 0 0 0 0 0 0
"mexico" 0 0 0 0 0 0 112.189523875713 456.861793994904 2967.12207794189 737.99741268158 40.8688671886921 -135.249525308609 2015.02990722656 3884.01699066162 3048.15864562988 1396.90005779266 0.705759972333908 0
"latinamer" 0 137.00395822525 1006.50525093079 1268.43070983887 2781.48984909058 164.159551262856 5487.35046386719 4038.74588012695 3782.99021720886 2468.11389923096 1446.96593284607 537.281692028046 38485.7330322266 20791.8910980225 8897.52006530762 476.517230272293 289.945155382156 0
"eu27" 0 0 -23.3984962105751 -34423.9692687988 -618.07519197464 0 -12790.9030914307 -78693.8629150391 -320483.184814453 -38027.6107788086 0 0 0 0 0 0 0 0
"uk" 0 0 1027.45652198792 88.6259227991104 0 0 273.563802242279 3560.07838249207 6181.50854110718 0 0 0 0 0 0 0 0 0
"russia" 0 0 0 -39157.2799682617 -8606.00662231445 -560.956537723541 0 -121.041595935822 -6177.75344848633 -20900.4077911377 -3321.08592987061 0 0 0 0 0 0 0
"efta" 0 0 -80.2317559719086 -994.136333465576 232.0586591959 0 0 0 -413.921386003494 0 0 0 0 0 0 0 0 0
"mena" 0 0 0 -5.19004371017218 -45.4566106200218 0 0 -656.49002790451 -23232.6641082764 -31681.1676025391 -4453.47261428833 -1.77627534139901 0 0 0 0 0 0
"ssa" 0 0 0 0 0 0 0 13445.5471038818 9398.78273010254 1853.83009910583 86.5787863731384 0 56832.6873779297 80493.0114746094 76442.0776367188 13584.4964981079 546.015620231628 0
"restofworld" 0 0 12.7103505656123 785.183966159821 2757.01141357422 143.88108253479 1057.6171875 5135.10322570801 103868.507385254 27105.2703857422 73.1411874294281 0 0 0 0 0 0 0
