"angdrc" 0 0 0 0 0 0 0 0 -511.854767799377 -448.328852653503 0 0 -1304.74436283112 -4116.75024032593 -3852.09274291992 -809.122443199158 0 0
"argentina" 0 0 0 216.292470693588 333.002537488937 256.214290857315 11.6626471281052 0 -1305.66024780273 1469.83742713928 2603.97815704346 299.061328172684 0 0 0 0 0 0
"bolivia" 0 0 0 0 0 0 2875.90408325195 6816.12777709961 17618.5760498047 40016.7236328125 0 0 54703.0830383301 282793.518066406 190528.350830078 79428.2836914062 0 0
"brasil" 0 0 0 0 0 0 -118697.357177734 0 0 0 0 0 -733973.449707031 -138697.662353516 -39455.1467895508 0 0 0
"colombia" 0 0 0 0 0 0 -12316.6999816895 -368.831634521484 0 0 0 0 -111446.304321289 -4953.8459777832 -299.43060874939 0 0 0
"ghana" 0 0 0 0 0 0 0 0 0 0 0 0 -97082.9391479492 141202.514648438 5971.68922424316 0 0 0
"ivorycoast" 0 0 0 0 0 0 0 0 0 0 0 0 41614.4676208496 329372.131347656 45871.5476989746 0 0 0
"indonesia" 0 0 0 0 0 0 0 0 0 0 0 0 61709.3315124512 3371.49572372437 14719.9974060059 0 0 0
"madagascar" 0 0 0 0 0 0 0 0 0 0 0 0 -16712.028503418 -950.999736785889 -510.094106197357 0 0 0
"malasya" 0 0 0 0 0 0 0 0 0 0 0 0 -5161.69166564941 0 0 0 0 0
"mozambique" 0 0 0 0 0 0 0 0 0 0 0 0 0 1365.71979522705 3728.02352905273 1067.74938106537 0 0
"myanmar" 0 0 0 0 0 0 -42.7535697817802 -381.915211677551 0 0 0 0 0 -1001.08242034912 -645.691514015198 0 0 0
"nigeria" 0 0 0 0 0 0 0 0 0 0 0 0 -4428.95221710205 -26682.8880310059 -1764.97685909271 0 0 0
"paraguay" 0 0 0 0 0 0 1336.32397651672 0 0 0 0 0 1556.21564388275 0 0 0 0 0
"peru" 0 0 0 0 0 0 -55390.1481628418 -70311.6760253906 -32944.6258544922 -37653.4385681152 -90056.8695068359 -5276.24034881592 -46128.0975341797 -13253.270149231 -14893.084526062 -12104.0153503418 -6668.43032836914 -4006.91080093384
"uruguay" 0 0 0 0 0 0 0 0 0 0 0 0 0 0 0 0 0 0
"venezuela" 0 0 0 0 0 0 0 0 0 0 0 0 -4718.75190734863 -5774.01161193848 -1124.00138378143 0 -69.6419924497604 0
"newzealand" 0 0 0.536636915057898 0 0 0 -1117.77627468109 -390.17042517662 0 0 0 0 0 0 0 0 0 0
"oceania" 0 0 0 0 0 0 -1529.88660335541 -2672.24621772766 -1925.79698562622 -180.704787373543 0 0 -18.2379111647606 -885.052978992462 -127.29412317276 0 0 0
"china" 0 0 0 5907.92560577393 0 118.648193776608 32653.995513916 14272.2759246826 11963.6974334717 19493.9002990723 98.1452018022537 35.0115820765495 374.974429607391 1483.67476463318 0 0 0 0
"japan" 0 0 0 -87.997779250145 0 0 -1463.64867687225 -1968.18327903748 -2951.56908035278 -199.310004711151 0 0 0 0 0 0 0 0
"korea" 0 0 0 0 0 0 0 -472.53429889679 -151.90315246582 0 0 0 0 0 0 0 0 0
"india" 0 0 0 0 0 0 -2515.31672477722 -1049.65376853943 -973.882913589478 -1527.76384353638 -595.31033039093 0 0 -5806.2047958374 -38617.0692443848 -23725.9216308594 -1461.13991737366 0
"eastasia" 0 0 0 1409.66486930847 359.988808631897 0 0 -141.596719622612 -12805.061340332 664.488017559052 0 0 -237.885594367981 0 0 0 0 0
"seasia" 0 0 0 0 0 0 -610.995054244995 -419.527173042297 -2.7043039444834 0 0 0 -10813.850402832 -4375.68521499634 -6397.00698852539 0 0 0
"southasia" 0 0 0 0 0 0 0 -162.799566984177 -1503.84020805359 -0.988965388387442 1.91912788432091 0 -550.372362136841 -5652.88162231445 -2879.82940673828 0 0 0
"us" 0 0 0 15.2590051293373 4157.71436691284 408.448845148087 -33760.986328125 -38176.944732666 -97506.217956543 -819.461464881897 19349.5330810547 4459.1178894043 0 0 0 0 0 0
"canada" 0 0 -1563.74228000641 -61352.710723877 -18919.0864562988 0 0 -595.944404602051 -112503.356933594 -199772.766113281 -36585.6323242188 0 0 0 0 0 0 0
"mexico" 0 0 0 0 0 0 -105.937607586384 -405.580461025238 -2894.88959312439 1722.26476669312 820.867717266083 516.033172607422 -2062.2935295105 -3802.04057693481 -1954.66136932373 981.74774646759 218.432128429413 0
"latinamer" 0 -77.4526745080948 -573.520302772522 -718.030691146851 -1566.53261184692 -91.855064034462 -3305.25612831116 -2443.79472732544 -2191.69330596924 -1416.5632724762 -815.713167190552 -300.276458263397 -25607.6622009277 -12900.4945755005 -5589.23864364624 -298.252731561661 -236.408323049545 0
"eu27" 0 0 -20.9917761385441 -31078.0696868896 -559.345841407776 0 -11756.3972473145 -72452.7969360352 -282943.389892578 -33854.4845581055 0 0 0 0 0 0 0 0
"uk" 0 0 327.993035316467 22.0367405563593 0 0 -38.6680401861668 -1170.74680328369 -2179.21447753906 0 0 0 0 0 0 0 0 0
"russia" 0 0 0 -4644.31285858154 1534.31153297424 161.108046770096 0 6.78862817585468 2155.76338768005 5249.41730499268 552.370727062225 0 0 0 0 0 0 0
"efta" 0 0 -36.5824736654758 -544.699013233185 388.537585735321 0 0 0 222.576022148132 0 0 0 0 0 0 0 0 0
"mena" 0 0 0 -3.15109104849398 -32.3268957436085 0 0 -549.17186498642 -19259.0236663818 -24906.7268371582 -1602.42557525635 10.1376697421074 0 0 0 0 0 0
"ssa" 0 0 0 0 0 0 0 -21281.4559936523 -11985.7883453369 -1393.89419555664 -51.0620474815369 0 -70366.0354614258 -117864.02130127 -98260.7269287109 -10139.6541595459 -409.447252750397 0
"restofworld" 0 0 -2.10475409403443 57.1173839271069 106.146059930325 15.9733928740025 -208.712339401245 -786.096394062042 -31261.775970459 -4191.62130355835 3.44507792033255 0 0 0 0 0 0 0
