"angdrc" 0 0 0 0 0 0 0 0 -35977.5238037109 -19808.614730835 0 0 -437261.260986328 -454627.563476562 -183051.086425781 -28439.5046234131 0 0
"argentina" 0 0 0 98.5807552933693 151.821255683899 116.574108600616 677.215278148651 0 -600.782871246338 665.935933589935 1221.3259935379 137.793630361557 0 0 0 0 0 0
"bolivia" 0 0 0 0 0 0 -8.31412244588137 -5.51034230738878 -30.6084454059601 -67.5332918763161 0 0 -117.394834756851 -1053.22587490082 -533.855319023132 -139.185681939125 0 0
"brasil" 0 0 0 0 0 0 6682.55758285522 0 0 0 0 0 50775.8865356445 8700.12474060059 1759.66143608093 0 0 0
"colombia" 0 0 0 0 0 0 55.9449419379234 3.44239175319672 0 0 0 0 2204.81395721436 33.7956920266151 0.515737105160952 0 0 0
"ghana" 0 0 0 0 0 0 0 0 0 0 0 0 -2259.16719436646 -2276.4151096344 -25.0891931355 0 0 0
"ivorycoast" 0 0 0 0 0 0 0 0 0 0 0 0 -76482.6126098633 -397512.908935547 -53429.1687011719 0 0 0
"indonesia" 0 0 0 0 0 0 0 0 0 0 0 0 -8997.47371673584 -77.0919173955917 51.9671142101288 0 0 0
"madagascar" 0 0 0 0 0 0 0 0 0 0 0 0 -25123.0163574219 -1566.87521934509 -854.565143585205 0 0 0
"malasya" 0 0 0 0 0 0 0 0 0 0 0 0 31016.1914825439 0 0 0 0 0
"mozambique" 0 0 0 0 0 0 0 0 0 0 0 0 0 -555.489659309387 -858.749032020569 -239.56923186779 0 0
"myanmar" 0 0 0 0 0 0 -213.606625795364 -1833.92453193665 0 0 0 0 0 -4892.77791976929 -2020.91598510742 0 0 0
"nigeria" 0 0 0 0 0 0 0 0 0 0 0 0 3507.84683227539 22502.8038024902 1319.64194774628 0 0 0
"paraguay" 0 0 0 0 0 0 -134.566411375999 0 0 0 0 0 -833.36478471756 0 0 0 0 0
"peru" 0 0 0 0 0 0 2396.82531356812 3163.14792633057 1448.8810300827 1675.90403556824 4078.18508148193 227.114737033844 6942.89302825928 786.565363407135 615.621328353882 539.200484752655 289.646804332733 176.908880472183
"uruguay" 0 0 0 0 0 0 0 0 0 0 0 0 0 0 0 0 0 0
"venezuela" 0 0 0 0 0 0 0 0 0 0 0 0 438.258975744247 544.211387634277 105.089783668518 0 6.77949236705899 0
"newzealand" 0 0 -6.24504685401917 0 0 0 -1963.54866027832 -731.971979141235 0 0 0 0 0 0 0 0 0 0
"oceania" 0 0 0 0 0 0 -1505.27250766754 -2462.04829216003 -1789.84975814819 -165.966928005219 0 0 -21.4879438281059 -994.201898574829 -119.080200791359 0 0 0
"china" 0 0 0 4240.37027359009 0 62.480740249157 26071.7887878418 19575.6378173828 14811.2468719482 12720.2777862549 53.157851099968 18.1874707341194 476.645201444626 1108.51192474365 0 0 0 0
"japan" 0 0 0 -125.596314668655 0 0 -2080.73735237122 -2794.08264160156 -4215.28339385986 -284.47413444519 0 0 0 0 0 0 0 0
"korea" 0 0 0 0 0 0 0 -628.617167472839 -252.992361783981 0 0 0 0 0 0 0 0 0
"india" 0 0 0 0 0 0 -2010.61630249023 -896.973848342896 -740.447640419006 -1441.87545776367 -487.561106681824 0 0 -5559.79537963867 -35245.2087402344 -21392.7841186523 -1251.0027885437 0
"eastasia" 0 0 0 -317.784637212753 38.8819500803947 0 0 -180.17965555191 -15426.0759353638 -589.292705059052 0 0 -487.70797252655 0 0 0 0 0
"seasia" 0 0 0 0 0 0 -934.149503707886 -387.21090555191 -3.09291947633028 0 0 0 -12322.0281600952 -8241.13178253174 -7532.52696990967 0 0 0
"southasia" 0 0 0 0 0 0 0 -198.187351226807 -1860.89956760406 -2.30287900194526 0.627252156846225 0 -788.471698760986 -5394.45018768311 -2689.71657752991 0 0 0
"us" 0 0 0 2.73870071396232 706.850945949554 82.2780951857567 -35852.5733947754 -38625.8544921875 -72121.09375 -5461.92646026611 -1371.78862094879 828.638315200806 0 0 0 0 0 0
"canada" 0 0 -1319.17643547058 -51803.897857666 -15963.9511108398 0 0 -548.563182353973 -93256.9885253906 -165967.11730957 -32312.5457763672 0 0 0 0 0 0 0
"mexico" 0 0 0 0 0 0 -122.1062541008 -480.232328176498 -2958.32419395447 607.326745986938 450.101137161255 338.586986064911 -2366.23859405518 -4364.99881744385 -2773.2880115509 -243.188261985779 126.633018255234 0
"latinamer" 0 -68.5241892933846 -511.933624744415 -636.479556560516 -1382.09140300751 -80.6187689304352 -3113.62314224243 -2434.25464630127 -2021.90041542053 -1299.19302463531 -724.818468093872 -264.045059680939 -25333.9080810547 -12936.7551803589 -5751.43432617188 -288.067042827606 -217.978298664093 0
"eu27" 0 0 11.8090799078345 12862.8034591675 486.778616905212 0 6952.51083374023 35917.2058105469 138444.122314453 18991.720199585 0 0 0 0 0 0 0 0
"uk" 0 0 -866.482436656952 -80.7245224714279 0 0 -344.43062543869 -5004.52136993408 -8782.68814086914 0 0 0 0 0 0 0 0 0
"russia" 0 0 0 -37117.6261901855 -8582.38983154297 -488.126516342163 0 -122.645728290081 -6808.31241607666 -21935.1978302002 -3309.51762199402 0 0 0 0 0 0 0
"efta" 0 0 -375.11283159256 -4046.5784072876 -600.054502487183 0 0 0 -4233.87336730957 0 0 0 0 0 0 0 0 0
"mena" 0 0 0 2.70267087034881 19.5730030536652 0 0 228.093519806862 6909.41667556763 11566.2326812744 2816.49208068848 7.68644269555807 0 0 0 0 0 0
"ssa" 0 0 0 0 0 0 0 -19069.60105896 -11809.4577789307 -1812.4635219574 -76.1917531490326 0 -67086.8148803711 -102824.21875 -91635.5133056641 -12800.0011444092 -521.427631378174 0
"restofworld" 0 0 -6.67607923969626 -391.440093517303 -1425.5952835083 -68.4708207845688 -681.788682937622 -3105.25703430176 -67844.7341918945 -15819.4789886475 -36.4296659827232 0 0 0 0 0 0 0
