"angdrc" 0 0 0 0 0 0 0 0 -34847.2061157227 -18703.104019165 0 0 -435867.431640625 -449109.375 -173431.457519531 -26237.3371124268 0 0
"argentina" 0 0 0 71.855217218399 110.708251595497 84.7898051142693 1142.7356004715 0 530.310988426208 942.638218402863 944.551110267639 102.347940206528 0 0 0 0 0 0
"bolivia" 0 0 0 0 0 0 -57.4621483683586 -117.580845952034 -326.157748699188 -723.875761032104 0 0 -1073.46856594086 -5952.90660858154 -3850.9316444397 -1508.13817977905 0 0
"brasil" 0 0 0 0 0 0 49916.0575866699 0 0 0 0 0 287070.831298828 77972.2442626953 14852.5657653809 0 0 0
"colombia" 0 0 0 0 0 0 -11540.2851104736 -345.214664936066 0 0 0 0 -104114.860534668 -4638.53168487549 -280.632317066193 0 0 0
"ghana" 0 0 0 0 0 0 0 0 0 0 0 0 9117.6061630249 9651.46732330322 119.177863001823 0 0 0
"ivorycoast" 0 0 0 0 0 0 0 0 0 0 0 0 149562.225341797 40233.8027954102 251.179814338684 0 0 0
"indonesia" 0 0 0 0 0 0 0 0 0 0 0 0 4286.88621520996 110.634483397007 117.363087832928 0 0 0
"madagascar" 0 0 0 0 0 0 0 0 0 0 0 0 -6880.58137893677 -409.249156713486 -220.905005931854 0 0 0
"malasya" 0 0 0 0 0 0 0 0 0 0 0 0 2866.73092842102 0 0 0 0 0
"mozambique" 0 0 0 0 0 0 0 0 0 0 0 0 0 38.6471450328827 420.621693134308 109.879799187183 0 0
"myanmar" 0 0 0 0 0 0 -4.63045155629516 -63.0144029855728 0 0 0 0 0 -154.172152280807 -64.5218268036842 0 0 0
"nigeria" 0 0 0 0 0 0 0 0 0 0 0 0 -1493.87669563293 -9253.45325469971 -576.220750808716 0 0 0
"paraguay" 0 0 0 0 0 0 155.623316764832 0 0 0 0 0 -665.701150894165 0 0 0 0 0
"peru" 0 0 0 0 0 0 -55297.2564697266 -70157.1960449219 -32883.0108642578 -37576.1947631836 -89854.7210693359 -5268.34297180176 -45039.1693115234 -13210.9308242798 -14872.6749420166 -12082.0589065552 -6651.35335922241 -3998.01397323608
"uruguay" 0 0 0 0 0 0 0 0 0 0 0 0 0 0 0 0 0 0
"venezuela" 0 0 0 0 0 0 0 0 0 0 0 0 204.3427079916 276.098847389221 49.1873137652874 0 3.89412557706237 0
"newzealand" 0 0 16.0963125526905 0 0 0 909.443736076355 424.113482236862 0 0 0 0 0 0 0 0 0 0
"oceania" 0 0 0 0 0 0 -366.656482219696 -501.467227935791 -481.071829795837 -42.6921211183071 0 0 -7.96776637434959 -340.789318084717 -20.0620517134666 0 0 0
"china" 0 0 0 2623.41380119324 0 57.7076785266399 15532.5832366943 6135.64443588257 5121.34170532227 9322.22175598145 47.1240431070328 17.0053504407406 181.245759129524 709.024429321289 0 0 0 0
"japan" 0 0 0 -37.1553972363472 0 0 -611.492991447449 -813.650608062744 -1231.12189769745 -83.7546437978745 0 0 0 0 0 0 0 0
"korea" 0 0 0 0 0 0 0 -154.894977807999 -54.3021969497204 0 0 0 0 0 0 0 0 0
"india" 0 0 0 0 0 0 -473.458796739578 -195.776179432869 -159.524112939835 -428.994476795197 -136.463269591331 0 0 -1412.43004798889 -9108.84666442871 -6010.14137268066 -362.99592256546 0
"eastasia" 0 0 0 1429.06594276428 146.482273936272 0 0 255.470812320709 19928.5507202148 1409.53981876373 0 0 801.751852035522 0 0 0 0 0
"seasia" 0 0 0 0 0 0 -41.8231301009655 -35.0148864090443 -0.47210932825692 0 0 0 -1770.60210704803 44.0836697816849 -973.52546453476 0 0 0
"southasia" 0 0 0 0 0 0 0 -48.9449054002762 -344.226539134979 -0.189888713066466 0.845605914946645 0 -90.517669916153 -1115.43107032776 -654.752731323242 0 0 0
"us" 0 0 0 6.50373799726367 1773.08309078217 175.576657056808 -21016.3078308105 -27209.7587585449 -72087.7075195312 -1940.94109535217 7024.23143386841 1915.11631011963 0 0 0 0 0 0
"canada" 0 0 -1159.6976518631 -45622.55859375 -13861.3958358765 0 0 -417.979717254639 -82080.1544189453 -148118.713378906 -26986.6161346436 0 0 0 0 0 0 0
"mexico" 0 0 0 0 0 0 -63.7173056602478 -246.860921382904 -1633.03089141846 677.797555923462 366.441071033478 242.778062820435 -1247.66969680786 -2347.92470932007 -1440.65189361572 213.288888335228 99.5143502950668 0
"latinamer" 0 -8.95606726408005 -74.7303143143654 -85.5566561222076 -174.816578626633 -9.43836383521557 -777.939677238464 -720.459461212158 -400.09281039238 -241.841644048691 -100.643515586853 -31.7896492779255 -8882.75527954102 -4136.33155822754 -1976.12035274506 -87.1730744838715 -94.7870537638664 0
"eu27" 0 0 -9.97989438474178 -16537.9905700684 -204.076796770096 0 -5745.58401107788 -37881.5307617188 -149766.738891602 -16820.7931518555 0 0 0 0 0 0 0 0
"uk" 0 0 191.094353795052 13.2171036675572 0 0 -16.5222249925137 -581.920266151428 -1084.29455757141 0 0 0 0 0 0 0 0 0
"russia" 0 0 0 6801.01108551025 4639.49680328369 382.501602172852 0 40.2955040335655 4509.16528701782 12829.2922973633 1788.85555267334 0 0 0 0 0 0 0
"efta" 0 0 -26.1698346585035 -365.098714828491 179.931491613388 0 0 0 2.58294306695461 0 0 0 0 0 0 0 0 0
"mena" 0 0 0 6.90625421702862 48.7822405993938 0 0 590.674102306366 17302.3452758789 28549.9248504639 7394.65570449829 21.9399686902761 0 0 0 0 0 0
"ssa" 0 0 0 0 0 0 0 -8858.0436706543 -5276.83162689209 -644.374310970306 -23.891419172287 0 -28508.861541748 -47255.5274963379 -41400.5470275879 -4641.35265350342 -185.070693492889 0
"restofworld" 0 0 0.172419706359506 85.8543813228607 242.00564622879 18.2381346821785 -38.5942757129669 -12.0318420231342 -9173.05469512939 -133.770048618317 6.97712507098913 0 0 0 0 0 0 0
