"angdrc" 0 0 0 0 0 0 0 0 -589.841067790985 -518.977224826813 0 0 -1393.05758476257 -4571.16794586182 -4462.5129699707 -944.11963224411 0 0
"argentina" 0 0 0 175.977170467377 270.885348320007 208.459466695786 -428.262710571289 0 -1349.91824626923 1059.72647666931 2100.84772109985 243.174031376839 0 0 0 0 0 0
"bolivia" 0 0 0 0 0 0 3.39064002037048 22.7784961462021 38.9478541910648 84.6999958157539 0 0 107.688285410404 15.128567814827 110.549092292786 137.733817100525 0 0
"brasil" 0 0 0 0 0 0 -117064.178466797 0 0 0 0 0 -722231.994628906 -141503.662109375 -39517.3797607422 0 0 0
"colombia" 0 0 0 0 0 0 -12976.375579834 -388.322204351425 0 0 0 0 -117124.954223633 -5218.14107894897 -315.772980451584 0 0 0
"ghana" 0 0 0 0 0 0 0 0 0 0 0 0 -97886.8789672852 138346.664428711 5888.82350921631 0 0 0
"ivorycoast" 0 0 0 0 0 0 0 0 0 0 0 0 188240.844726562 58998.2070922852 1377.98321247101 0 0 0
"indonesia" 0 0 0 0 0 0 0 0 0 0 0 0 61366.5580749512 3345.68548202515 14663.8145446777 0 0 0
"madagascar" 0 0 0 0 0 0 0 0 0 0 0 0 -15332.0741653442 -867.082476615906 -464.463829994202 0 0 0
"malasya" 0 0 0 0 0 0 0 0 0 0 0 0 -4186.68031692505 0 0 0 0 0
"mozambique" 0 0 0 0 0 0 0 0 0 0 0 0 0 1267.8234577179 3468.33968162537 993.570148944855 0 0
"myanmar" 0 0 0 0 0 0 -32.6355956494808 -300.720900297165 0 0 0 0 0 -774.984359741211 -523.576080799103 0 0 0
"nigeria" 0 0 0 0 0 0 0 0 0 0 0 0 -4000.12397766113 -24316.4405822754 -1575.59609413147 0 0 0
"paraguay" 0 0 0 0 0 0 1167.43922233582 0 0 0 0 0 1149.36304092407 0 0 0 0 0
"peru" 0 0 0 0 0 0 -54945.7550048828 -69732.2158813477 -32679.2945861816 -37350.3036499023 -89319.7784423828 -5234.45844650269 -45510.1547241211 -13133.807182312 -14762.7105712891 -12003.3407211304 -6611.59133911133 -3974.61247444153
"uruguay" 0 0 0 0 0 0 0 0 0 0 0 0 0 0 0 0 0 0
"venezuela" 0 0 0 0 0 0 0 0 0 0 0 0 -4825.89197158813 -5909.6827507019 -1149.70052242279 0 -71.4008510112762 0
"newzealand" 0 0 -1.64905516430736 0 0 0 -1213.72818946838 -437.952637672424 0 0 0 0 0 0 0 0 0 0
"oceania" 0 0 0 0 0 0 -1469.71726417542 -2586.63582801819 -1854.02059555054 -174.232989549637 0 0 -17.0702151954174 -833.605289459229 -123.781695961952 0 0 0
"china" 0 0 0 5254.14705276489 0 107.241258025169 28876.1959075928 12029.7565460205 10160.2249145508 17423.5572814941 88.5956436395645 31.6694751381874 318.616956472397 1320.22094726562 0 0 0 0
"japan" 0 0 0 -86.7807865142822 0 0 -1441.61546230316 -1940.74475765228 -2910.61973571777 -196.568816900253 0 0 0 0 0 0 0 0
"korea" 0 0 0 0 0 0 0 -458.838075399399 -147.993296384811 0 0 0 0 0 0 0 0 0
"india" 0 0 0 0 0 0 -2414.82067108154 -1005.54370880127 -932.488262653351 -1434.0204000473 -568.497002124786 0 0 -5524.95765686035 -36619.3923950195 -22500.4119873047 -1391.93654060364 0
"eastasia" 0 0 0 2165.38858413696 330.32351732254 0 0 186.385273933411 13858.5433959961 1769.73116397858 0 0 686.448216438293 0 0 0 0 0
"seasia" 0 0 0 0 0 0 -610.367894172668 -409.084260463715 -2.63554998673499 0 0 0 -10515.6230926514 -4406.49318695068 -6273.55670928955 0 0 0
"southasia" 0 0 0 0 0 0 0 -152.38219499588 -1415.76087474823 -0.878797029145062 1.8485588952899 0 -562.442481517792 -5389.56165313721 -2735.09073257446 0 0 0
"us" 0 0 0 14.2214745283127 3869.88258361816 380.415558815002 -31919.8207855225 -36266.902923584 -89678.4210205078 -640.225052833557 18030.2867889404 4158.48827362061 0 0 0 0 0 0
"canada" 0 0 -1439.6436214447 -56529.0069580078 -17433.9752197266 0 0 -546.331524848938 -102713.470458984 -184079.025268555 -34079.6775817871 0 0 0 0 0 0 0
"mexico" 0 0 0 0 0 0 -97.4646061658859 -377.434015274048 -2616.81985855103 1658.1574678421 775.802791118622 483.473837375641 -1934.75127220154 -3555.94611167908 -1784.65759754181 989.5840883255 206.309646368027 0
"latinamer" 0 -74.5853632688522 -551.0613322258 -691.2482380867 -1509.89603996277 -88.6378288269043 -3132.59124755859 -2317.14653968811 -2097.57423400879 -1355.72791099548 -784.914612770081 -289.660394191742 -24132.2498321533 -12230.1588058472 -5315.15264511108 -281.549990177155 -219.607040286064 0
"eu27" 0 0 -20.653385668993 -30747.2400665283 -561.72788143158 0 -11773.0731964111 -71349.609375 -278207.916259766 -33337.9249572754 0 0 0 0 0 0 0 0
"uk" 0 0 326.433897018433 22.329930216074 0 0 -31.3636250793934 -1035.55107116699 -1935.96029281616 0 0 0 0 0 0 0 0 0
"russia" 0 0 0 -6267.0431137085 821.1350440979 107.588194310665 0 -0.840058550238609 1492.27380752563 3305.10568618774 279.26230430603 0 0 0 0 0 0 0
"efta" 0 0 -35.1326316595078 -533.045887947083 369.817316532135 0 0 0 190.637826919556 0 0 0 0 0 0 0 0 0
"mena" 0 0 0 -3.17473337054253 -31.9099202752113 0 0 -537.414908409119 -18688.8942718506 -24367.0425415039 -1742.85960197449 8.8737215846777 0 0 0 0 0 0
"ssa" 0 0 0 0 0 0 0 -22122.3735809326 -12622.4479675293 -1540.84825515747 -58.3470389246941 0 -73965.5532836914 -123692.001342773 -103500.640869141 -11122.5662231445 -453.344762325287 0
"restofworld" 0 0 -2.05280212685466 51.2813292443752 91.1456793546677 14.6686229854822 -204.155683517456 -774.551033973694 -30240.7264709473 -4087.51344680786 3.02141578868032 0 0 0 0 0 0 0
