"angdrc" 0 0 0 0 0 0 0 0 -2242.70963668823 -2037.08982467651 0 0 -1576.10905170441 -11658.8487625122 -17497.257232666 -3876.99460983276 0 0
"argentina" 0 0 0 -8108.22486877441 -12177.393913269 -9330.11531829834 -182524.948120117 0 -152955.596923828 -158907.562255859 -107616.455078125 -11213.2987976074 0 0 0 0 0 0
"bolivia" 0 0 0 0 0 0 2607.74612426758 6166.79859161377 15966.6919708252 36188.720703125 0 0 49683.2313537598 256651.336669922 172919.128417969 72065.3305053711 0 0
"brasil" 0 0 0 0 0 0 -267258.087158203 0 0 0 0 0 -1547795.16601562 -1753376.953125 -162488.845825195 0 0 0
"colombia" 0 0 0 0 0 0 -11480.2150726318 -345.649421215057 0 0 0 0 -105253.509521484 -4630.92803955078 -278.522253036499 0 0 0
"ghana" 0 0 0 0 0 0 0 0 0 0 0 0 -95899.8870849609 142709.442138672 5999.87602233887 0 0 0
"ivorycoast" 0 0 0 0 0 0 0 0 0 0 0 0 -29743.8449859619 -85360.8932495117 -11361.2327575684 0 0 0
"indonesia" 0 0 0 0 0 0 0 0 0 0 0 0 43805.0155639648 2992.96951293945 13795.5961227417 0 0 0
"madagascar" 0 0 0 0 0 0 0 0 0 0 0 0 -10604.9346923828 -570.43981552124 -302.205115556717 0 0 0
"malasya" 0 0 0 0 0 0 0 0 0 0 0 0 -9770.60317993164 0 0 0 0 0
"mozambique" 0 0 0 0 0 0 0 0 0 0 0 0 0 1520.8193063736 4004.92095947266 1145.32470703125 0 0
"myanmar" 0 0 0 0 0 0 -3.26810590922832 -59.0071156620979 0 0 0 0 0 -113.926321268082 -145.528003573418 0 0 0
"nigeria" 0 0 0 0 0 0 0 0 0 0 0 0 -2713.16742897034 -15482.0995330811 -1119.65036392212 0 0 0
"paraguay" 0 0 0 0 0 0 -3838.60063552856 0 0 0 0 0 -5698.87065887451 0 0 0 0 0
"peru" 0 0 0 0 0 0 -55844.5816040039 -70939.7201538086 -33224.7428894043 -37976.8753051758 -90831.1157226562 -5317.08145141602 -47655.2581787109 -13433.8388442993 -15035.1543426514 -12222.0916748047 -6731.98509216309 -4040.01569747925
"uruguay" 0 0 0 0 0 0 0 0 0 0 0 0 0 0 0 0 0 0
"venezuela" 0 0 0 0 0 0 0 0 0 0 0 0 -1801.00297927856 -2603.09267044067 -451.39342546463 0 -9.48464125394821 0
"newzealand" 0 0 -40.4444970190525 0 0 0 -4508.54778289795 -1847.97298908234 0 0 0 0 0 0 0 0 0 0
"oceania" 0 0 0 0 0 0 -1355.85999488831 -2458.15014839172 -1683.21359157562 -159.012615680695 0 0 -14.070387929678 -707.821071147919 -119.478367269039 0 0 0
"china" 0 0 0 3775.57063102722 0 81.4806818962097 21371.3283538818 7936.93685531616 6697.56412506104 12989.8509979248 66.9244527816772 24.0890793502331 221.479788422585 978.155195713043 0 0 0 0
"japan" 0 0 0 -83.3022594451904 0 0 -1352.01847553253 -1802.55341529846 -2756.75535202026 -187.816143035889 0 0 0 0 0 0 0 0
"korea" 0 0 0 0 0 0 0 -273.211240768433 -92.8910970687866 0 0 0 0 0 0 0 0 0
"india" 0 0 0 0 0 0 -1282.32598304749 -566.012680530548 -577.026009559631 -854.08341884613 -379.083275794983 0 0 -3621.57011032104 -21604.2633056641 -15680.3855895996 -1133.94451141357 0
"eastasia" 0 0 0 718.183279037476 205.576390028 0 0 -108.950093388557 -9559.72766876221 296.687066555023 0 0 -202.179342508316 0 0 0 0 0
"seasia" 0 0 0 0 0 0 -56.6513389348984 -86.6474434733391 -0.916949124075472 0 0 0 -3302.97899246216 566.952228546143 -1871.70553207397 0 0 0
"southasia" 0 0 0 0 0 0 0 -150.802314281464 -1378.65710258484 -1.47736468352377 1.0596658103168 0 -619.606494903564 -4235.07833480835 -2158.68067741394 0 0 0
"us" 0 0 0 11.8999425321817 3265.73944091797 320.279449224472 -42213.6611938477 -49309.5474243164 -83023.5443115234 -1474.33996200562 15309.4263076782 3462.03947067261 0 0 0 0 0 0
"canada" 0 0 -1398.99468421936 -54816.0667419434 -16781.9290161133 0 0 -564.138174057007 -101944.01550293 -178618.896484375 -33343.2235717773 0 0 0 0 0 0 0
"mexico" 0 0 0 0 0 0 -125.128716230392 -485.313564538956 -3282.93561935425 825.166463851929 550.396800041199 403.783917427063 -2311.18822097778 -4143.35155487061 -2652.43291854858 26.2727588415146 152.571201324463 0
"latinamer" 0 -249.826103448868 -1808.23087692261 -2297.94025421143 -5069.26584243774 -301.661491394043 -8918.65158081055 -6143.86701583862 -6565.85121154785 -4216.76111221313 -2599.47276115417 -981.410205364227 -76730.1330566406 -36085.6628417969 -15549.8266220093 -863.408327102661 -1264.91916179657 0
"eu27" 0 0 -31.7594408988953 -39487.6976013184 -1095.57259082794 0 -18121.0632324219 -101241.889953613 -381119.384765625 -49020.4048156738 0 0 0 0 0 0 0 0
"uk" 0 0 -980.13299703598 -98.0915799736977 0 0 -511.378169059753 -7739.0193939209 -13650.4077911377 0 0 0 0 0 0 0 0 0
"russia" 0 0 0 -9975.68702697754 -2383.46123695374 -152.477577328682 0 -33.7531045079231 -1819.55873966217 -6088.64688873291 -977.840185165405 0 0 0 0 0 0 0
"efta" 0 0 -455.191522836685 -5105.86071014404 -241.683259606361 0 0 0 -4399.83367919922 0 0 0 0 0 0 0 0 0
"mena" 0 0 0 -2.86083249375224 -26.9969515502453 0 0 -329.787790775299 -14607.0432662964 -19119.6060180664 -1926.90634727478 3.72557039372623 0 0 0 0 0 0
"ssa" 0 0 0 0 0 0 0 -16308.6128234863 -9134.04655456543 -1025.84552764893 -36.6907343268394 0 -52924.5986938477 -90651.9927978516 -75268.5241699219 -7497.84469604492 -302.106559276581 0
"restofworld" 0 0 0.64360850956291 155.299663543701 463.917374610901 32.0267453789711 5.67148812115192 192.999541759491 -8324.7184753418 760.213255882263 12.744277715683 0 0 0 0 0 0 0
