"angdrc" 0 0 0 0 0 0 0 0 -680.245995521545 -647.655367851257 0 0 -102.915704250336 -2884.770154953 -5378.32880020142 -1257.99822807312 0 0
"argentina" 0 0 0 -8442.5630569458 -12665.6761169434 -9706.53915405273 -184891.464233398 0 -151779.876708984 -161844.161987305 -111417.694091797 -11641.0808563232 0 0 0 0 0 0
"bolivia" 0 0 0 0 0 0 -23.4105288982391 -43.7807478010654 -128.280907869339 -290.939778089523 0 0 -425.854206085205 -2516.30020141602 -1612.98274993896 -615.786612033844 0 0
"brasil" 0 0 0 0 0 0 28706.3274383545 0 0 0 0 0 175762.847900391 7196.364402771 3768.55945587158 0 0 0
"colombia" 0 0 0 0 0 0 -214.873433113098 -4.30025532841682 0 0 0 0 -55.1380962133408 -72.9689002037048 -6.05549477040768 0 0 0
"ghana" 0 0 0 0 0 0 0 0 0 0 0 0 4784.22880172729 4731.05335235596 54.3178543448448 0 0 0
"ivorycoast" 0 0 0 0 0 0 0 0 0 0 0 0 101244.689941406 23997.9000091553 -185.07194519043 0 0 0
"indonesia" 0 0 0 0 0 0 0 0 0 0 0 0 -5058.0792427063 -41.0942174494267 -28.9848856627941 0 0 0
"madagascar" 0 0 0 0 0 0 0 0 0 0 0 0 -10543.6992645264 -651.788473129272 -354.298949241638 0 0 0
"malasya" 0 0 0 0 0 0 0 0 0 0 0 0 30900.7720947266 0 0 0 0 0
"mozambique" 0 0 0 0 0 0 0 0 0 0 0 0 0 -951.179146766663 -1715.14618396759 -505.668520927429 0 0
"myanmar" 0 0 0 0 0 0 -141.637116670609 -1187.19220161438 0 0 0 0 0 -3305.35864830017 -1315.40727615356 0 0 0
"nigeria" 0 0 0 0 0 0 0 0 0 0 0 0 -2747.02715873718 -16744.1520690918 -1122.34604358673 0 0 0
"paraguay" 0 0 0 0 0 0 -1248.21519851685 0 0 0 0 0 -915.741562843323 0 0 0 0 0
"peru" 0 0 0 0 0 0 1824.04589653015 2414.18886184692 1104.2388677597 1276.72803401947 3106.33778572083 172.549083828926 5475.89206695557 619.268655776978 472.981929779053 414.754807949066 220.578342676163 134.525582194328
"uruguay" 0 0 0 0 0 0 0 0 0 0 0 0 0 0 0 0 0 0
"venezuela" 0 0 0 0 0 0 0 0 0 0 0 0 -102.907031774521 -83.8323831558228 -23.3314391225576 0 -0.18300925148651 0
"newzealand" 0 0 -22.3134215921164 0 0 0 -2886.25860214233 -1159.94238853455 0 0 0 0 0 0 0 0 0 0
"oceania" 0 0 0 0 0 0 -1615.89968204498 -2887.86101341248 -2117.39349365234 -197.743862867355 0 0 -17.61719211936 -875.248312950134 -136.046156287193 0 0 0
"china" 0 0 0 -2373.55470657349 0 -10.490314103663 -13142.3358917236 -16127.2296905518 -12367.7387237549 -5002.12383270264 -11.7263961583376 -2.88871582597494 -332.952499389648 -482.497334480286 0 0 0 0
"japan" 0 0 0 -108.784593641758 0 0 -1811.0123872757 -2431.077003479 -3654.0219783783 -246.283769607544 0 0 0 0 0 0 0 0
"korea" 0 0 0 0 0 0 0 -719.80208158493 -283.979028463364 0 0 0 0 0 0 0 0 0
"india" 0 0 0 0 0 0 -1306.83135986328 -615.90039730072 -606.414675712585 -975.512742996216 -374.505430459976 0 0 -3610.2249622345 -24171.7720031738 -16042.4003601074 -1223.15168380737 0
"eastasia" 0 0 0 734.165728092194 11.4659769460559 0 0 250.556409358978 20893.3563232422 1022.30358123779 0 0 676.009953022003 0 0 0 0 0
"seasia" 0 0 0 0 0 0 -580.628395080566 -244.695320725441 -1.58470985479653 0 0 0 -8301.37634277344 -5245.89967727661 -3955.66010475159 0 0 0
"southasia" 0 0 0 0 0 0 0 -131.840363144875 -1243.29590797424 -1.81382847949862 0.130657281260937 0 -385.312080383301 -3294.63410377502 -1634.86766815186 0 0 0
"us" 0 0 0 4.61603607982397 1414.78848457336 104.418687522411 73550.7202148438 77579.8492431641 141212.08190918 14805.1261901855 21933.7959289551 1467.9262638092 0 0 0 0 0 0
"canada" 0 0 -1254.06622886658 -49731.0562133789 -15167.1075820923 0 0 -321.331083774567 -88829.2922973633 -170741.363525391 -27064.3920898438 0 0 0 0 0 0 0
"mexico" 0 0 0 0 0 0 -0.131274107843637 -30.696801841259 -679.106712341309 967.095792293549 405.382215976715 222.798824310303 -14.5795047283173 -683.380544185638 -433.309018611908 1185.72807312012 112.607061862946 0
"latinamer" 0 46.1583212018013 359.698176383972 432.887494564056 919.547855854034 52.2867105901241 2822.98374176025 2472.55206108093 1664.71707820892 1043.75267028809 504.682064056396 173.688605427742 27588.7870788574 14008.1329345703 6443.32838058472 302.087962627411 278.06630730629 0
"eu27" 0 0 -23.2931412756443 -26486.156463623 -908.068358898163 0 -13652.1453857422 -74237.5183105469 -273996.337890625 -36540.885925293 0 0 0 0 0 0 0 0
"uk" 0 0 -187.268435955048 -19.6232479065657 0 0 -118.872530758381 -1909.90102291107 -3378.00312042236 0 0 0 0 0 0 0 0 0
"russia" 0 0 0 -27490.4670715332 -6761.81888580322 -410.671412944794 0 -94.3270921707153 -5407.15408325195 -17350.7461547852 -2618.332862854 0 0 0 0 0 0 0
"efta" 0 0 -57.3568791151047 -707.716584205627 149.035215377808 0 0 0 -325.054138898849 0 0 0 0 0 0 0 0 0
"mena" 0 0 0 4.88762510940433 35.2995172142982 0 0 426.262706518173 12731.5587997437 21079.0100097656 4970.22247314453 13.2814170792699 0 0 0 0 0 0
"ssa" 0 0 0 0 0 0 0 -8737.93029785156 -5414.85786437988 -741.179406642914 -29.7915264964104 0 -30086.4696502686 -47478.0349731445 -44012.8021240234 -5506.61945343018 -215.246051549911 0
"restofworld" 0 0 -2.12034024298191 -60.150608420372 -272.223621606827 -8.28444119542837 -233.569577336311 -969.134449958801 -27940.8206939697 -5194.18430328369 -6.57244026660919 0 0 0 0 0 0 0
