"angdrc" 0 0 0 0 0 0 0 0 -36107.1395874023 -19937.5267028809 0 0 -437308.837890625 -455303.131103516 -184200.500488281 -28699.8043060303 0 0
"argentina" 0 0 0 98.1280952692032 151.133239269257 116.009525954723 704.870402812958 0 -554.158747196198 687.525987625122 1222.23770618439 137.512236833572 0 0 0 0 0 0
"bolivia" 0 0 0 0 0 0 -7.6466309837997 -3.9891074411571 -26.6614705324173 -58.7974861264229 0 0 -104.482397437096 -988.06768655777 -492.212414741516 -121.923349797726 0 0
"brasil" 0 0 0 0 0 0 5164.7686958313 0 0 0 0 0 40691.4367675781 7954.35380935669 1491.68026447296 0 0 0
"colombia" 0 0 0 0 0 0 45.7851476967335 3.0949991196394 0 0 0 0 2078.31478118896 29.3920375406742 0.280032603768632 0 0 0
"ghana" 0 0 0 0 0 0 0 0 0 0 0 0 -2244.27938461304 -2279.97970581055 -25.4668071866035 0 0 0
"ivorycoast" 0 0 0 0 0 0 0 0 0 0 0 0 -75761.9018554688 -393213.012695312 -52858.1619262695 0 0 0
"indonesia" 0 0 0 0 0 0 0 0 0 0 0 0 -8663.88034820557 -74.3777379393578 49.6289879083633 0 0 0
"madagascar" 0 0 0 0 0 0 0 0 0 0 0 0 -25026.6246795654 -1561.14637851715 -851.449251174927 0 0 0
"malasya" 0 0 0 0 0 0 0 0 0 0 0 0 31213.5276794434 0 0 0 0 0
"mozambique" 0 0 0 0 0 0 0 0 0 0 0 0 0 -573.209524154663 -899.678587913513 -251.312375068665 0 0
"myanmar" 0 0 0 0 0 0 -213.027149438858 -1825.48701763153 0 0 0 0 0 -4867.82646179199 -2003.96394729614 0 0 0
"nigeria" 0 0 0 0 0 0 0 0 0 0 0 0 3491.48893356323 22407.9265594482 1316.63465499878 0 0 0
"paraguay" 0 0 0 0 0 0 -78.0326649546623 0 0 0 0 0 -610.910534858704 0 0 0 0 0
"peru" 0 0 0 0 0 0 2346.58169746399 3096.47274017334 1418.492436409 1640.61868190765 3991.65463447571 222.346857190132 6787.78171539307 770.328044891357 602.89067029953 528.059244155884 283.463358879089 173.174291849136
"uruguay" 0 0 0 0 0 0 0 0 0 0 0 0 0 0 0 0 0 0
"venezuela" 0 0 0 0 0 0 0 0 0 0 0 0 389.294326305389 483.643651008606 93.3554470539093 0 6.03263219818473 0
"newzealand" 0 0 -6.36873161420226 0 0 0 -1919.02947425842 -717.019557952881 0 0 0 0 0 0 0 0 0 0
"oceania" 0 0 0 0 0 0 -1494.2661523819 -2444.44894790649 -1783.50162506104 -165.427505970001 0 0 -21.3480927050114 -987.885653972626 -117.927059531212 0 0 0
"china" 0 0 0 3971.37498855591 0 59.1313317418098 24372.7474212646 18114.7232055664 13718.3771133423 11950.4718780518 50.2466633915901 17.2221902757883 441.572427749634 1038.04278373718 0 0 0 0
"japan" 0 0 0 -125.511348247528 0 0 -2077.62885093689 -2789.96992111206 -4211.42816543579 -284.241288900375 0 0 0 0 0 0 0 0
"korea" 0 0 0 0 0 0 0 -635.112285614014 -253.696739673615 0 0 0 0 0 0 0 0 0
"india" 0 0 0 0 0 0 -1964.55311775208 -875.105798244476 -727.328300476074 -1436.89095973969 -481.406211853027 0 0 -5406.33201599121 -34446.6705322266 -20871.1128234863 -1214.72275257111 0
"eastasia" 0 0 0 363.958120346069 35.5801545083523 0 0 34.5022864639759 3414.01386260986 236.78931593895 0 0 171.519458293915 0 0 0 0 0
"seasia" 0 0 0 0 0 0 -904.422402381897 -375.406950712204 -2.99274222925305 0 0 0 -11978.8913726807 -7981.14156723022 -7290.9779548645 0 0 0
"southasia" 0 0 0 0 0 0 0 -198.525458574295 -1858.76488685608 -2.44006747379899 0.487901153974235 0 -683.964610099792 -5176.80311203003 -2594.49863433838 0 0 0
"us" 0 0 0 2.5799919385463 659.249663352966 77.861949801445 -35062.198638916 -37767.9901123047 -69929.0618896484 -5395.0662612915 -1651.62765979767 782.098889350891 0 0 0 0 0 0
"canada" 0 0 -1358.23273658752 -53362.2131347656 -16451.566696167 0 0 -555.086553096771 -94976.0589599609 -170677.383422852 -33386.9552612305 0 0 0 0 0 0 0
"mexico" 0 0 0 0 0 0 -119.870163500309 -471.629053354263 -2893.226146698 613.882958889008 447.207808494568 334.194183349609 -2327.0571231842 -4289.29805755615 -2715.53444862366 -222.730457782745 125.708475708961 0
"latinamer" 0 -63.1058588624001 -471.417218446732 -586.810946464539 -1274.50823783875 -74.2771103978157 -2874.39250946045 -2255.37037849426 -1865.57841300964 -1196.78819179535 -667.70339012146 -243.281126022339 -23504.5337677002 -11981.782913208 -5352.84280776978 -265.513956546783 -200.801014900208 0
"eu27" 0 0 10.7887713238597 11518.1522369385 450.635492801666 0 6320.64390182495 32501.3427734375 125657.890319824 17324.2149353027 0 0 0 0 0 0 0 0
"uk" 0 0 -862.589001655579 -80.466166138649 0 0 -344.931125640869 -5018.94378662109 -8809.9536895752 0 0 0 0 0 0 0 0 0
"russia" 0 0 0 34574.8329162598 10407.8559875488 761.988818645477 0 126.533314585686 8567.58880615234 26825.9887695312 4021.65079116821 0 0 0 0 0 0 0
"efta" 0 0 -379.981338977814 -4097.5489616394 -597.220480442047 0 0 0 -4264.16110992432 0 0 0 0 0 0 0 0 0
"mena" 0 0 0 2.14186683297157 15.4666118323803 0 0 181.646049022675 5545.46308517456 9262.90798187256 2323.91715049744 6.54520466923714 0 0 0 0 0 0
"ssa" 0 0 0 0 0 0 0 -19304.7008514404 -11902.979850769 -1829.17976379395 -76.6926631331444 0 -66609.8175048828 -102003.128051758 -91302.3681640625 -12840.2643203735 -522.700309753418 0
"restofworld" 0 0 -6.54779933393002 -363.068997859955 -1319.80443000793 -63.4029731154442 -632.82972574234 -2908.48779678345 -64298.4313964844 -14899.5847702026 -33.998005092144 0 0 0 0 0 0 0
