"angdrc" 0 0 0 0 0 0 0 0 -2340.8374786377 -2171.5259552002 0 0 -1472.11861610413 -11712.9583358765 -18385.2825164795 -4175.02212524414 0 0
"argentina" 0 0 0 -8327.8694152832 -12500.1201629639 -9578.69148254395 -183359.649658203 0 -152223.46496582 -160841.339111328 -110166.816711426 -11499.3877410889 0 0 0 0 0 0
"bolivia" 0 0 0 0 0 0 2563.99631500244 6065.86837768555 15699.6803283691 35559.7114562988 0 0 48895.0424194336 252220.367431641 169984.344482422 70855.3466796875 0 0
"brasil" 0 0 0 0 0 0 -350976.165771484 0 0 0 0 0 -1172062.98828125 -495489.196777344 -109776.977539062 0 0 0
"colombia" 0 0 0 0 0 0 -14501.6231536865 -433.942317962646 0 0 0 0 -130941.375732422 -5832.04746246338 -353.024125099182 0 0 0
"ghana" 0 0 0 0 0 0 0 0 0 0 0 0 -86553.1539916992 165604.797363281 6620.93782424927 0 0 0
"ivorycoast" 0 0 0 0 0 0 0 0 0 0 0 0 -52753.4332275391 -269983.856201172 -36228.5232543945 0 0 0
"indonesia" 0 0 0 0 0 0 0 0 0 0 0 0 59302.3719787598 3289.44110870361 14311.1371994019 0 0 0
"madagascar" 0 0 0 0 0 0 0 0 0 0 0 0 -17232.0213317871 -1008.27574729919 -543.455481529236 0 0 0
"malasya" 0 0 0 0 0 0 0 0 0 0 0 0 -4989.1619682312 0 0 0 0 0
"mozambique" 0 0 0 0 0 0 0 0 0 0 0 0 0 903.243184089661 2503.12566757202 719.220161437988 0 0
"myanmar" 0 0 0 0 0 0 -51.8299825489521 -446.934640407562 0 0 0 0 0 -1195.82509994507 -602.706551551819 0 0 0
"nigeria" 0 0 0 0 0 0 0 0 0 0 0 0 -4016.42560958862 -24884.2544555664 -1610.56172847748 0 0 0
"paraguay" 0 0 0 0 0 0 -3105.71098327637 0 0 0 0 0 -4766.50190353394 0 0 0 0 0
"peru" 0 0 0 0 0 0 -56144.100189209 -71265.8233642578 -33390.266418457 -38155.517578125 -91258.3160400391 -5347.62001037598 -46265.022277832 -13451.9538879395 -15125.3280639648 -12278.4862518311 -6760.86044311523 -4059.40055847168
"uruguay" 0 0 0 0 0 0 0 0 0 0 0 0 0 0 0 0 0 0
"venezuela" 0 0 0 0 0 0 0 0 0 0 0 0 -4479.660987854 -5457.80038833618 -1053.98631095886 0 -60.7725940644741 0
"newzealand" 0 0 -51.80424451828 0 0 0 -5668.95580291748 -2330.12652397156 0 0 0 0 0 0 0 0 0 0
"oceania" 0 0 0 0 0 0 -2106.0905456543 -3909.65747833252 -2671.60654067993 -250.001341104507 0 0 -19.1912595182657 -1007.86447525024 -190.641984343529 0 0 0
"china" 0 0 0 2376.5971660614 0 55.0334006547928 13109.6687316895 3248.65293502808 3167.3755645752 8454.70237731934 45.0672805309296 16.2403974682093 113.303080201149 612.919211387634 0 0 0 0
"japan" 0 0 0 -85.1049348711967 0 0 -1412.37711906433 -1898.37431907654 -2850.9316444397 -192.596137523651 0 0 0 0 0 0 0 0
"korea" 0 0 0 0 0 0 0 -319.467484951019 -117.466926574707 0 0 0 0 0 0 0 0 0
"india" 0 0 0 0 0 0 2717.27180480957 1277.86982059479 1163.45810890198 2311.02204322815 780.676007270813 0 0 6439.44644927979 47707.8857421875 28896.8677520752 2174.46422576904 0
"eastasia" 0 0 0 1034.79790687561 94.0557420253754 0 0 217.444092035294 16529.8938751221 1075.3915309906 0 0 671.836018562317 0 0 0 0 0
"seasia" 0 0 0 0 0 0 -520.996570587158 -270.703434944153 -2.21023429185152 0 0 0 -7928.50494384766 -4082.79180526733 -5206.89010620117 0 0 0
"southasia" 0 0 0 0 0 0 0 -326.089471578598 -3075.14381408691 -4.34242654591799 0.235599363804795 0 -860.41784286499 -8284.93499755859 -4136.71588897705 0 0 0
"us" 0 0 0 10.1702455431223 2784.08718109131 275.80526471138 -52181.3468933105 -58119.0528869629 -89238.7542724609 -2803.50136756897 11738.5120391846 2925.33159255981 0 0 0 0 0 0
"canada" 0 0 -1477.53143310547 -58047.9202270508 -17818.0351257324 0 0 -569.293856620789 -103702.499389648 -186250.48828125 -35408.9431762695 0 0 0 0 0 0 0
"mexico" 0 0 0 0 0 0 -119.662895798683 -459.313571453094 -3115.95559120178 1088.91773223877 613.681793212891 429.267048835754 -2298.86651039124 -4328.09925079346 -2540.75765609741 203.185588121414 167.963206768036 0
"latinamer" 0 -243.725329637527 -1764.66357707977 -2239.90726470947 -4938.29298019409 -293.836623430252 -8638.47255706787 -5922.4100112915 -6325.65402984619 -4107.47289657593 -2531.81743621826 -955.374240875244 -63031.1851501465 -31810.7986450195 -13323.7409591675 -758.436679840088 -633.989810943604 0
"eu27" 0 0 -27.7613066136837 -31384.9258422852 -1117.17164516449 0 -16451.9844055176 -87074.0814208984 -323212.463378906 -43343.2388305664 0 0 0 0 0 0 0 0
"uk" 0 0 931.185483932495 77.3873180150986 0 0 188.657194375992 2156.76593780518 3688.12465667725 0 0 0 0 0 0 0 0 0
"russia" 0 0 0 -27353.9562225342 -7562.88146972656 -522.890985012054 0 -92.9919108748436 -6284.79099273682 -19655.1399230957 -2957.25321769714 0 0 0 0 0 0 0
"efta" 0 0 -44.5705726742744 -620.29492855072 271.085977554321 0 0 0 -60.1799264550209 0 0 0 0 0 0 0 0 0
"mena" 0 0 0 -4.83493506908417 -40.3714552521706 0 0 -582.038283348083 -19156.7764282227 -27069.2253112793 -4340.46363830566 -4.70859231427312 0 0 0 0 0 0
"ssa" 0 0 0 0 0 0 0 -6513.69905471802 -3248.3606338501 -229.674398899078 -3.41840833425522 0 -16988.7409210205 -27499.3782043457 -23899.2500305176 -2114.31646347046 -57.2013407945633 0
"restofworld" 0 0 -2.07779789343476 -35.0388400256634 -184.201642870903 -3.2311100512743 -211.390852928162 -921.942353248596 -27739.1567230225 -4935.84537506104 -4.50719380751252 0 0 0 0 0 0 0
