"angdrc" 0 0 0 0 0 0 0 0 -881.637156009674 -820.970296859741 0 0 -509.144127368927 -4344.82526779175 -6920.63331604004 -1578.16052436829 0 0
"argentina" 0 0 0 -8387.35771179199 -12585.0696563721 -9644.57321166992 -183441.772460938 0 -150127.426147461 -160302.520751953 -110718.704223633 -11568.8381195068 0 0 0 0 0 0
"bolivia" 0 0 0 0 0 0 2964.31183815002 7029.01983261108 18164.8597717285 41279.9377441406 0 0 56390.1824951172 291545.776367188 196380.828857422 81864.9063110352 0 0
"brasil" 0 0 0 0 0 0 1035.8282327652 0 0 0 0 0 14946.3672637939 -36316.2612915039 -4685.83965301514 0 0 0
"colombia" 0 0 0 0 0 0 -10136.212348938 -304.171919822693 0 0 0 0 -92154.0145874023 -4079.22077178955 -246.003553271294 0 0 0
"ghana" 0 0 0 0 0 0 0 0 0 0 0 0 2209.4202041626 2128.47709655762 23.0010934174061 0 0 0
"ivorycoast" 0 0 0 0 0 0 0 0 0 0 0 0 -34641.4413452148 -172450.347900391 -23422.8935241699 0 0 0
"indonesia" 0 0 0 0 0 0 0 0 0 0 0 0 -1589.68329429626 4.6957740560174 46.280775219202 0 0 0
"madagascar" 0 0 0 0 0 0 0 0 0 0 0 0 -12298.6288070679 -774.133324623108 -422.208994626999 0 0 0
"malasya" 0 0 0 0 0 0 0 0 0 0 0 0 -347.016870975494 0 0 0 0 0
"mozambique" 0 0 0 0 0 0 0 0 0 0 0 0 0 -132.678210735321 -64.7074356675148 -6.23842142522335 0 0
"myanmar" 0 0 0 0 0 0 -142.25959777832 -1274.89972114563 0 0 0 0 0 -3328.67622375488 -1373.12352657318 0 0 0
"nigeria" 0 0 0 0 0 0 0 0 0 0 0 0 3420.42374610901 22510.2500915527 1282.87363052368 0 0 0
"paraguay" 0 0 0 0 0 0 -1344.63047981262 0 0 0 0 0 -957.401156425476 0 0 0 0 0
"peru" 0 0 0 0 0 0 1359.47418212891 1797.92594909668 823.650717735291 951.134979724884 2306.55241012573 128.44043970108 3997.40934371948 472.53680229187 356.203198432922 312.461853027344 163.956701755524 100.013256072998
"uruguay" 0 0 0 0 0 0 0 0 0 0 0 0 0 0 0 0 0 0
"venezuela" 0 0 0 0 0 0 0 0 0 0 0 0 -11.5744732320309 -5.70750515908003 -2.37766653299332 0 0.121355755254626 0
"newzealand" 0 0 -31.7773558199406 0 0 0 -4046.95320129395 -1629.96459007263 0 0 0 0 0 0 0 0 0 0
"oceania" 0 0 0 0 0 0 -1744.04740333557 -3108.41631889343 -2221.08316421509 -208.630561828613 0 0 -19.1141329705715 -949.827492237091 -148.771569132805 0 0 0
"china" 0 0 0 2207.21960067749 0 26.2963846325874 13954.0596008301 12457.8247070312 9202.67391204834 6214.98918533325 23.0195000767708 7.58198136463761 289.089560508728 569.374799728394 0 0 0 0
"japan" 0 0 0 -149.357303977013 0 0 -2487.97464370728 -3337.14056015015 -5029.9243927002 -338.532567024231 0 0 0 0 0 0 0 0
"korea" 0 0 0 0 0 0 0 -1007.90119171143 -402.829110622406 0 0 0 0 0 0 0 0 0
"india" 0 0 0 0 0 0 1399.9011516571 635.889530181885 533.442139625549 1089.79296684265 354.722917079926 0 0 3381.40249252319 23566.3967132568 13738.9945983887 861.728847026825 0
"eastasia" 0 0 0 -582.169890403748 8.39862134307623 0 0 -211.482286453247 -20367.862701416 -1015.19739627838 0 0 -509.286940097809 0 0 0 0 0
"seasia" 0 0 0 0 0 0 -694.803357124329 -303.414940834045 -2.15970166027546 0 0 0 -9857.85961151123 -6177.10399627686 -5290.33708572388 0 0 0
"southasia" 0 0 0 0 0 0 0 -332.554936408997 -3037.10269927979 -4.83316369354725 -0.296127225738019 0 -598.32900762558 -7188.48466873169 -3657.04250335693 0 0 0
"us" 0 0 0 4.37332317233086 1306.22792243958 106.194585561752 31636.1446380615 35915.2488708496 71116.8975830078 8455.69610595703 15478.0550003052 1301.51104927063 0 0 0 0 0 0
"canada" 0 0 -1118.18337440491 -43836.7309570312 -13727.0679473877 0 0 -397.009819746017 -81383.5296630859 -151349.716186523 -26348.5355377197 0 0 0 0 0 0 0
"mexico" 0 0 0 0 0 0 -66.9618993997574 -281.05241060257 -2313.08126449585 1983.09874534607 875.576078891754 517.00234413147 -1317.83092021942 -2929.07476425171 -1482.03456401825 1689.76390361786 238.505661487579 0
"latinamer" 0 -135.046765208244 -982.621073722839 -1249.41802024841 -2750.42080879211 -162.568747997284 -4952.42071151733 -3397.99356460571 -3511.81077957153 -2306.8163394928 -1408.60307216644 -529.295265674591 -30354.6199798584 -16509.7236633301 -6833.3044052124 -392.127990722656 -190.861076116562 0
"eu27" 0 0 -25.7572196424007 -29686.8324279785 -983.204543590546 0 -14916.2521362305 -81832.893371582 -305097.625732422 -40420.1240539551 0 0 0 0 0 0 0 0
"uk" 0 0 -160.143360495567 -18.0638823658228 0 0 -127.058997750282 -2098.64926338196 -3724.0092754364 0 0 0 0 0 0 0 0 0
"russia" 0 0 0 26531.7001342773 7546.41246795654 548.39015007019 0 93.4121161699295 6095.68500518799 19296.9245910645 2917.70529747009 0 0 0 0 0 0 0
"efta" 0 0 -68.0016726255417 -829.086899757385 177.896201610565 0 0 0 -366.543591022491 0 0 0 0 0 0 0 0 0
"mena" 0 0 0 2.76367668993771 18.7021289020777 0 0 200.297579169273 5440.05537033081 9941.98417663574 3038.99168968201 10.49062050879 0 0 0 0 0 0
"ssa" 0 0 0 0 0 0 0 -9988.43765258789 -5839.75887298584 -811.93482875824 -31.9030955433846 0 -32795.0668334961 -50617.4545288086 -44689.6133422852 -5880.15270233154 -228.705808520317 0
"restofworld" 0 0 -2.39792885258794 -39.7728718817234 -202.06019282341 -4.09048423171043 -229.207053780556 -933.61109495163 -29539.4134521484 -5019.19078826904 -4.92876814678311 0 0 0 0 0 0 0
