"angdrc" 0 0 0 0 0 0 0 0 -16820.4879760742 2285.04180908203 0 0 -428257.843017578 -319226.043701172 81709.3811035156 27869.0414428711 0 0
"argentina" 0 0 0 191.402912139893 294.637948274612 226.814463734627 -177.415177226067 0 -1120.89872360229 1336.39311790466 2273.46992492676 263.966143131256 0 0 0 0 0 0
"bolivia" 0 0 0 0 0 0 2866.12129211426 6792.56820678711 17558.4697723389 39877.1286010742 0 0 54519.9851989746 281835.113525391 189887.298583984 79160.6750488281 0 0
"brasil" 0 0 0 0 0 0 -116890.472412109 0 0 0 0 0 -721629.150390625 -141665.344238281 -39565.6585693359 0 0 0
"colombia" 0 0 0 0 0 0 -12733.1676483154 -381.185173988342 0 0 0 0 -115076.774597168 -5120.87059020996 -309.707224369049 0 0 0
"ghana" 0 0 0 0 0 0 0 0 0 0 0 0 -97039.0625 140179.840087891 5937.31689453125 0 0 0
"ivorycoast" 0 0 0 0 0 0 0 0 0 0 0 0 -33477.2109985352 -153745.28503418 -20839.7083282471 0 0 0
"indonesia" 0 0 0 0 0 0 0 0 0 0 0 0 2286.93628311157 107.577934861183 421.294331550598 0 0 0
"madagascar" 0 0 0 0 0 0 0 0 0 0 0 0 -15083.2347869873 -864.016056060791 -463.861256837845 0 0 0
"malasya" 0 0 0 0 0 0 0 0 0 0 0 0 1761.09111309052 0 0 0 0 0
"mozambique" 0 0 0 0 0 0 0 0 0 0 0 0 0 1387.86196708679 3658.23531150818 1053.8204908371 0 0
"myanmar" 0 0 0 0 0 0 27.7414675801992 192.880153656006 0 0 0 0 0 611.583292484283 144.73494887352 0 0 0
"nigeria" 0 0 0 0 0 0 0 0 0 0 0 0 4972.7144241333 31462.9783630371 1928.39360237122 0 0 0
"paraguay" 0 0 0 0 0 0 1187.80136108398 0 0 0 0 0 1185.09387969971 0 0 0 0 0
"peru" 0 0 0 0 0 0 -55280.3535461426 -70166.618347168 -32878.5858154297 -37577.63671875 -89872.4670410156 -5265.98358154297 -45925.4951477051 -13221.658706665 -14861.0258102417 -12078.6819458008 -6653.94973754883 -3998.82960319519
"uruguay" 0 0 0 0 0 0 0 0 0 0 0 0 0 0 0 0 0 0
"venezuela" 0 0 0 0 0 0 0 0 0 0 0 0 -4843.43814849854 -5928.88641357422 -1153.72920036316 0 -71.5927481651306 0
"newzealand" 0 0 -1.25927990302444 0 0 0 -1060.21404266357 -381.302684545517 0 0 0 0 0 0 0 0 0 0
"oceania" 0 0 0 0 0 0 -1287.2097492218 -2215.27290344238 -1651.70860290527 -156.299948692322 0 0 -16.0715952515602 -765.690803527832 -103.586420416832 0 0 0
"china" 0 0 0 5281.28910064697 0 102.858901023865 29427.6428222656 13722.7344512939 11382.173538208 17187.1147155762 85.319995880127 30.2758514881134 361.736178398132 1324.32246208191 0 0 0 0
"japan" 0 0 0 -73.0230286717415 0 0 -1203.23145389557 -1614.13586139679 -2436.30933761597 -165.029302239418 0 0 0 0 0 0 0 0
"korea" 0 0 0 0 0 0 0 -439.112812280655 -137.880682945251 0 0 0 0 0 0 0 0 0
"india" 0 0 0 0 0 0 -1778.48434448242 -754.204094409943 -695.056557655334 -1221.52721881866 -436.003804206848 0 0 -4085.25323867798 -27734.7545623779 -16707.4909210205 -1009.36114788055 0
"eastasia" 0 0 0 1087.87131309509 283.401727676392 0 0 -114.569589495659 -10716.5498733521 488.2972240448 0 0 -193.278923630714 0 0 0 0 0
"seasia" 0 0 0 0 0 0 -249.102056026459 -203.29025387764 -1.50550599209964 0 0 0 -5771.94690704346 -1131.82210922241 -3396.91925048828 0 0 0
"southasia" 0 0 0 0 0 0 0 -130.34462928772 -1079.89573478699 -0.950252520851791 1.27426453400403 0 -401.999235153198 -3643.02897453308 -1882.41994380951 0 0 0
"us" 0 0 0 12.9438489675522 3512.88342475891 346.99559211731 -31367.073059082 -34877.2964477539 -87031.6619873047 -1205.6804895401 15630.4559707642 3770.6983089447 0 0 0 0 0 0
"canada" 0 0 -1493.02363395691 -58475.8987426758 -18085.6285095215 0 0 -586.864829063416 -106192.108154297 -189850.601196289 -35744.6136474609 0 0 0 0 0 0 0
"mexico" 0 0 0 0 0 0 -100.615650415421 -386.981606483459 -2756.12878799438 1451.11727714539 713.958621025085 462.011098861694 -1938.79628181458 -3566.36905670166 -1877.24602222443 764.114499092102 190.27304649353 0
"latinamer" 0 -80.8454900979996 -596.753120422363 -749.175310134888 -1637.2127532959 -96.1520969867706 -3358.53219032288 -2449.88608360291 -2254.29058074951 -1461.50469779968 -850.175857543945 -314.123809337616 -25157.1025848389 -12807.9633712769 -5513.23795318604 -298.252463340759 -226.531445980072 0
"eu27" 0 0 -22.1886541694403 -31817.3236846924 -622.139573097229 0 -12284.0366363525 -73781.7687988281 -290251.525878906 -35301.6357421875 0 0 0 0 0 0 0 0
"uk" 0 0 244.33296918869 15.0570068508387 0 0 -55.627629160881 -1356.92286491394 -2496.49310112 0 0 0 0 0 0 0 0 0
"russia" 0 0 0 -11638.1969451904 -681.902647018433 8.15988704562187 0 -19.3960908800364 261.822938919067 -512.885093688965 -276.263445615768 0 0 0 0 0 0 0
"efta" 0 0 -47.5839972496033 -633.380770683289 333.100557327271 0 0 0 69.5413574576378 0 0 0 0 0 0 0 0 0
"mena" 0 0 0 -3.82187473587692 -36.0534638166428 0 0 -587.066411972046 -19860.5442047119 -26560.0929260254 -2639.18924331665 5.28826238587499 0 0 0 0 0 0
"ssa" 0 0 0 0 0 0 0 -22532.1521759033 -13179.0008544922 -1773.11193943024 -70.1496303081512 0 -76415.0543212891 -126111.00769043 -105712.875366211 -12547.7895736694 -516.51668548584 0
"restofworld" 0 0 15.2255082502961 946.81578874588 3330.76548576355 174.339562654495 1244.42005157471 6069.46420669556 124091.05682373 32541.6488647461 88.7458324432373 0 0 0 0 0 0 0
