"angdrc" 0 0 0 0 0 0 0 0 449.365317821503 401.34596824646 0 0 476.692378520966 2569.59676742554 3489.12191390991 759.004235267639 0 0
"argentina" 0 0 0 49.713272601366 76.5734538435936 58.6448386311531 741.95271730423 0 241.207182407379 597.764551639557 657.225728034973 70.7148984074593 0 0 0 0 0 0
"bolivia" 0 0 0 0 0 0 -17.8861804306507 -23.1478959321976 -82.1311697363853 -188.041776418686 0 0 -291.921496391296 -2074.23782348633 -1159.74402427673 -383.223414421082 0 0
"brasil" 0 0 0 0 0 0 16837.5473022461 0 0 0 0 0 107863.479614258 26840.3930664062 5190.17887115479 0 0 0
"colombia" 0 0 0 0 0 0 -144.895046949387 -1.74593541305512 0 0 0 0 1122.41721153259 -41.9495031237602 -4.67577949166298 0 0 0
"ghana" 0 0 0 0 0 0 0 0 0 0 0 0 4239.23587799072 4221.25577926636 49.6905818581581 0 0 0
"ivorycoast" 0 0 0 0 0 0 0 0 0 0 0 0 155021.911621094 39394.4282531738 -78.6335468292236 0 0 0
"indonesia" 0 0 0 0 0 0 0 0 0 0 0 0 -4327.31628417969 -28.8457088172436 9.07050352543592 0 0 0
"madagascar" 0 0 0 0 0 0 0 0 0 0 0 0 -14014.1668319702 -865.785360336304 -470.977127552032 0 0 0
"malasya" 0 0 0 0 0 0 0 0 0 0 0 0 32260.1013183594 0 0 0 0 0
"mozambique" 0 0 0 0 0 0 0 0 0 0 0 0 0 -272.777199745178 -417.831361293793 -114.237301051617 0 0
"myanmar" 0 0 0 0 0 0 -189.210534095764 -1627.6068687439 0 0 0 0 0 -4349.0891456604 -1755.40828704834 0 0 0
"nigeria" 0 0 0 0 0 0 0 0 0 0 0 0 5314.7144317627 33922.7066040039 2071.16889953613 0 0 0
"paraguay" 0 0 0 0 0 0 45.3923530876637 0 0 0 0 0 -599.78449344635 0 0 0 0 0
"peru" 0 0 0 0 0 0 2761.23404502869 3644.29044723511 1669.184923172 1930.75466156006 4699.09381866455 261.692553758621 7995.55730819702 906.267881393433 709.185063838959 621.134281158447 333.471536636353 203.804478049278
"uruguay" 0 0 0 0 0 0 0 0 0 0 0 0 0 0 0 0 0 0
"venezuela" 0 0 0 0 0 0 0 0 0 0 0 0 543.338298797607 665.050625801086 129.740953445435 0 8.05097259581089 0
"newzealand" 0 0 -8.18386860191822 0 0 0 -1585.85894107819 -610.956311225891 0 0 0 0 0 0 0 0 0 0
"oceania" 0 0 0 0 0 0 -1009.32097434998 -1690.74714183807 -1218.10352802277 -113.222151994705 0 0 -13.7630235403776 -643.85724067688 -82.1003839373589 0 0 0
"china" 0 0 0 3027.87208557129 0 37.3386815190315 19393.7759399414 17112.5335693359 12601.9420623779 8673.03276062012 32.4295088648796 10.789655148983 400.755643844604 798.753082752228 0 0 0 0
"japan" 0 0 0 -91.4552807807922 0 0 -1514.36924934387 -2034.05833244324 -3060.89210510254 -207.019299268723 0 0 0 0 0 0 0 0
"korea" 0 0 0 0 0 0 0 -495.348781347275 -199.361547827721 0 0 0 0 0 0 0 0 0
"india" 0 0 0 0 0 0 -1139.73736763 -504.996180534363 -433.420717716217 -870.246350765228 -293.375074863434 0 0 -3219.18654441833 -20612.7262115479 -12854.2079925537 -771.024763584137 0
"eastasia" 0 0 0 -158.500850200653 39.4058227539062 0 0 -126.396864652634 -10779.3951034546 -369.599908590317 0 0 -333.511501550674 0 0 0 0 0
"seasia" 0 0 0 0 0 0 -632.727682590485 -260.521769523621 -1.91566545981914 0 0 0 -8616.56665802002 -5680.05180358887 -4730.73959350586 0 0 0
"southasia" 0 0 0 0 0 0 0 -118.986323475838 -1131.2530040741 -1.54228718020022 0.286294205579907 0 -291.287153959274 -2971.75884246826 -1531.35740756989 0 0 0
"us" 0 0 0 1.90238479990512 494.571357965469 55.9926778078079 -21944.5686340332 -23404.9186706543 -42584.6824645996 -3120.17583847046 -349.111884832382 570.490956306458 0 0 0 0 0 0
"canada" 0 0 -757.195472717285 -29531.2747955322 -9028.56254577637 0 0 -277.04593539238 -53615.6005859375 -95501.220703125 -18425.5218505859 0 0 0 0 0 0 0
"mexico" 0 0 0 0 0 0 -69.8786601424217 -274.363458156586 -1645.86400985718 744.602859020233 383.518755435944 253.777086734772 -1410.66884994507 -2550.05359649658 -1452.65221595764 241.158157587051 104.536168277264 0
"latinamer" 0 -28.3333100378513 -213.226765394211 -263.684660196304 -570.555329322815 -33.1413298845291 -1384.31000709534 -1127.36773490906 -874.382853507996 -555.197238922119 -301.580041646957 -108.80459100008 -12135.0946426392 -6086.93027496338 -2786.30495071411 -131.829917430878 -106.184870004654 0
"eu27" 0 0 -12.8450021147728 -19976.318359375 -335.311710834503 0 -7665.83967208862 -47254.8294067383 -184057.495117188 -21461.6165161133 0 0 0 0 0 0 0 0
"uk" 0 0 69.2281946539879 2.68974248319864 0 0 -48.5993400216103 -993.844509124756 -1794.7154045105 0 0 0 0 0 0 0 0 0
"russia" 0 0 0 46697.8988647461 13916.9206619263 992.170095443726 0 170.25825381279 11541.6965484619 36053.8711547852 5399.30391311646 0 0 0 0 0 0 0
"efta" 0 0 -44.4891899824142 -572.831273078918 139.971345663071 0 0 0 -244.883790612221 0 0 0 0 0 0 0 0 0
"mena" 0 0 0 4.84520150348544 34.502949565649 0 0 420.229554176331 12377.3241043091 20414.0892028809 5182.96241760254 15.0248315185308 0 0 0 0 0 0
"ssa" 0 0 0 0 0 0 0 -7116.63055419922 -3983.39629173279 -507.975339889526 -19.0078727900982 0 -22241.3444519043 -35198.5092163086 -30058.9179992676 -3639.06455039978 -142.413198947906 0
"restofworld" 0 0 -1.06089480686933 5.85066247731447 -31.4000956714153 3.5088062286377 -128.371179103851 -490.360647439957 -17906.8393707275 -2651.84020996094 -0.417921750340611 0 0 0 0 0 0 0
