"angdrc" 0 0 0 0 0 0 0 0 -871.946156024933 -814.858436584473 0 0 -433.014750480652 -4182.38687515259 -6854.19368743896 -1569.68140602112 0 0
"argentina" 0 0 0 -8405.79986572266 -12612.0147705078 -9665.23170471191 -183664.474487305 0 -150118.591308594 -160499.221801758 -110950.286865234 -11593.713760376 0 0 0 0 0 0
"bolivia" 0 0 0 0 0 0 2959.85126495361 7018.31293106079 18137.6914978027 41216.1483764648 0 0 56307.9833984375 291114.013671875 196099.182128906 81746.6430664062 0 0
"brasil" 0 0 0 0 0 0 2849.74145889282 0 0 0 0 0 27243.5569763184 -33534.4085693359 -4166.89872741699 0 0 0
"colombia" 0 0 0 0 0 0 -196.87682390213 -4.642553627491 0 0 0 0 -560.941755771637 -71.387492120266 -5.39376912638545 0 0 0
"ghana" 0 0 0 0 0 0 0 0 0 0 0 0 2745.60642242432 2587.25929260254 26.9229300320148 0 0 0
"ivorycoast" 0 0 0 0 0 0 0 0 0 0 0 0 -54047.7714538574 -284020.843505859 -38118.9041137695 0 0 0
"indonesia" 0 0 0 0 0 0 0 0 0 0 0 0 -1581.07900619507 0.802839640527964 30.0345085561275 0 0 0
"madagascar" 0 0 0 0 0 0 0 0 0 0 0 0 -11419.412612915 -722.226977348328 -394.165724515915 0 0 0
"malasya" 0 0 0 0 0 0 0 0 0 0 0 0 -428.553581237793 0 0 0 0 0
"mozambique" 0 0 0 0 0 0 0 0 0 0 0 0 0 -180.249080061913 -192.415475845337 -42.8171157836914 0 0
"myanmar" 0 0 0 0 0 0 -147.144734859467 -1310.81283092499 0 0 0 0 0 -3434.73505973816 -1421.64516448975 0 0 0
"nigeria" 0 0 0 0 0 0 0 0 0 0 0 0 3532.67931938171 23231.5921783447 1324.82481002808 0 0 0
"paraguay" 0 0 0 0 0 0 -1329.70833778381 0 0 0 0 0 -944.877862930298 0 0 0 0 0
"peru" 0 0 0 0 0 0 1475.38244724274 1948.46630096436 893.323242664337 1031.63576126099 2501.29318237305 139.486581087112 4261.65390014648 506.137013435364 385.291934013367 337.827086448669 177.791580557823 108.556091785431
"uruguay" 0 0 0 0 0 0 0 0 0 0 0 0 0 0 0 0 0 0
"venezuela" 0 0 0 0 0 0 0 0 0 0 0 0 267.092704772949 335.515111684799 64.2239972949028 0 4.24691755324602 0
"newzealand" 0 0 -31.979538500309 0 0 0 -4031.83937072754 -1625.90956687927 0 0 0 0 0 0 0 0 0 0
"oceania" 0 0 0 0 0 0 -1696.80976867676 -3029.212474823 -2160.5978012085 -202.868521213531 0 0 -18.500292673707 -920.60387134552 -145.220592617989 0 0 0
"china" 0 0 0 2129.60457801819 0 23.5929191112518 13679.9306869507 12763.0567550659 9381.76155090332 5901.22127532959 20.8536740392447 6.76977727562189 295.885324478149 553.593814373016 0 0 0 0
"japan" 0 0 0 -149.332076311111 0 0 -2487.46967315674 -3338.951587677 -5030.52520751953 -338.553488254547 0 0 0 0 0 0 0 0
"korea" 0 0 0 0 0 0 0 -980.715036392212 -394.636154174805 0 0 0 0 0 0 0 0 0
"india" 0 0 0 0 0 0 1516.72887802124 686.061382293701 568.954467773438 1172.06501960754 382.013529539108 0 0 3694.19050216675 25432.2032928467 14844.108581543 913.411855697632 0
"eastasia" 0 0 0 -586.828887462616 1.18321226909757 0 0 -204.568788409233 -19422.0123291016 -991.121053695679 0 0 -496.15865945816 0 0 0 0 0
"seasia" 0 0 0 0 0 0 -700.08111000061 -303.315311670303 -2.1239067427814 0 0 0 -9828.1717300415 -6241.00971221924 -5227.16951370239 0 0 0
"southasia" 0 0 0 0 0 0 0 -318.427860736847 -2930.52244186401 -4.58913203328848 -0.250915356446058 0 -615.363538265228 -7053.07912826538 -3580.61218261719 0 0 0
"us" 0 0 0 3.99882486090064 1208.67705345154 95.5587774515152 35573.2231140137 40327.8274536133 78508.2702636719 8919.79694366455 15428.3256530762 1190.83666801453 0 0 0 0 0 0
"canada" 0 0 -942.044079303741 -36823.73046875 -11526.309967041 0 0 -330.190241336823 -70250.3051757812 -129434.799194336 -21868.7019348145 0 0 0 0 0 0 0
"mexico" 0 0 0 0 0 0 -57.3744997382164 -243.183359503746 -2091.49718284607 1783.34212303162 789.470255374908 467.137813568115 -1119.00079250336 -2569.7193145752 -1335.45100688934 1560.49132347107 215.671837329865 0
"latinamer" 0 -132.944136857986 -967.048525810242 -1229.54964637756 -2707.02648162842 -160.071283578873 -4857.51152038574 -3314.91327285767 -3448.31156730652 -2268.34177970886 -1386.53707504272 -521.154642105103 -29420.3796386719 -16065.5498504639 -6610.92138290405 -383.575022220612 -184.423953294754 0
"eu27" 0 0 -25.3647267818451 -29129.7340393066 -976.806700229645 0 -14774.2576599121 -80722.9461669922 -300099.792480469 -39834.3048095703 0 0 0 0 0 0 0 0
"uk" 0 0 -162.855207920074 -18.0496759712696 0 0 -123.030036687851 -2021.91781997681 -3584.43522453308 0 0 0 0 0 0 0 0 0
"russia" 0 0 0 -34949.0547180176 -8961.23504638672 -560.021638870239 0 -121.024869382381 -7258.83769989014 -23071.475982666 -3460.35242080688 0 0 0 0 0 0 0
"efta" 0 0 -62.6038610935211 -772.275865077972 174.714267253876 0 0 0 -330.520749092102 0 0 0 0 0 0 0 0 0
"mena" 0 0 0 3.68729513138533 25.7579628378153 0 0 289.464056491852 8187.13474273682 14271.4672088623 3845.4442024231 11.8924286216497 0 0 0 0 0 0
"ssa" 0 0 0 0 0 0 0 -9176.42974853516 -5429.14628982544 -759.852230548859 -30.1948748528957 0 -31325.1800537109 -48462.0475769043 -42534.7557067871 -5573.73428344727 -217.35779941082 0
"restofworld" 0 0 -2.27793445810676 -54.8161678016186 -257.712960243225 -6.9327624514699 -248.976856470108 -1005.94520568848 -30135.9519958496 -5323.90308380127 -6.12153485417366 0 0 0 0 0 0 0
