"angdrc" 0 0 0 0 0 0 0 0 440.629631280899 373.951017856598 0 0 918.704867362976 3268.46981048584 3387.38679885864 692.015469074249 0 0
"argentina" 0 0 0 -17.5882447510958 -27.0561203360558 -20.9080576896667 417.110502719879 0 937.097668647766 310.638904571533 -167.796820402145 -23.7283781170845 0 0 0 0 0 0
"bolivia" 0 0 0 0 0 0 -27.9397256672382 -44.4245934486389 -140.360340476036 -326.967597007751 0 0 -484.410405158997 -3101.81927680969 -1825.47378540039 -664.313077926636 0 0
"brasil" 0 0 0 0 0 0 20442.2569274902 0 0 0 0 0 121785.705566406 31740.2362823486 6163.91754150391 0 0 0
"colombia" 0 0 0 0 0 0 44.4435589015484 3.90740111470222 0 0 0 0 2644.52457427979 34.9870249629021 0.146207981742918 0 0 0
"ghana" 0 0 0 0 0 0 0 0 0 0 0 0 28274.8641967773 28858.9820861816 320.14274597168 0 0 0
"ivorycoast" 0 0 0 0 0 0 0 0 0 0 0 0 244592.742919922 80508.7356567383 2004.3261051178 0 0 0
"indonesia" 0 0 0 0 0 0 0 0 0 0 0 0 1079.16116714478 11.9727682322264 11.9652934372425 0 0 0
"madagascar" 0 0 0 0 0 0 0 0 0 0 0 0 -5787.88280487061 -351.541310548782 -190.549373626709 0 0 0
"malasya" 0 0 0 0 0 0 0 0 0 0 0 0 1259.53912734985 0 0 0 0 0
"mozambique" 0 0 0 0 0 0 0 0 0 0 0 0 0 -230.047047138214 -394.69775557518 -114.910081028938 0 0
"myanmar" 0 0 0 0 0 0 -19.5899959653616 -176.153898239136 0 0 0 0 0 -471.645772457123 -165.84487259388 0 0 0
"nigeria" 0 0 0 0 0 0 0 0 0 0 0 0 7741.47272109985 48288.9709472656 3069.819688797 0 0 0
"paraguay" 0 0 0 0 0 0 9.59990173578262 0 0 0 0 0 -1258.24058055878 0 0 0 0 0
"peru" 0 0 0 0 0 0 2369.88210678101 3132.94649124146 1432.5430393219 1659.13200378418 4048.42758178711 224.675044417381 7073.29177856445 768.771171569824 604.532420635223 529.366254806519 287.779569625854 175.249874591827
"uruguay" 0 0 0 0 0 0 0 0 0 0 0 0 0 0 0 0 0 0
"venezuela" 0 0 0 0 0 0 0 0 0 0 0 0 -625.511527061462 -763.398408889771 -149.393260478973 0 -9.19477455317974 0
"newzealand" 0 0 0.117395582492463 0 0 0 -221.7757999897 -77.1831125020981 0 0 0 0 0 0 0 0 0 0
"oceania" 0 0 0 0 0 0 -396.926701068878 -660.566985607147 -486.793786287308 -45.5241836607456 0 0 -5.51593117415905 -253.651231527328 -32.0832878351212 0 0 0
"china" 0 0 0 -26.8800929188728 0 5.78197464346886 -153.35413813591 -1938.37118148804 -1309.9353313446 409.668326377869 4.22668596729636 1.73043669201434 -29.4700041413307 14.3231879919767 0 0 0 0
"japan" 0 0 0 -21.6045305132866 0 0 -353.213608264923 -474.635064601898 -716.618776321411 -48.737458884716 0 0 0 0 0 0 0 0
"korea" 0 0 0 0 0 0 0 -85.6131389737129 -32.0954397320747 0 0 0 0 0 0 0 0 0
"india" 0 0 0 0 0 0 -443.160027265549 -185.881227254868 -149.381726980209 -292.450398206711 -102.170303463936 0 0 -1125.56993961334 -7104.58755493164 -4387.14122772217 -254.004299640656 0
"eastasia" 0 0 0 35.1348593831062 29.5502264052629 0 0 -33.4371477365494 -3092.72789955139 -35.9596684575081 0 0 -84.9193930625916 0 0 0 0 0
"seasia" 0 0 0 0 0 0 -173.24498295784 -68.3123022317886 -0.632906216196716 0 0 0 -2225.63982009888 -1548.57587814331 -1540.46273231506 0 0 0
"southasia" 0 0 0 0 0 0 0 -33.0167002975941 -266.539812088013 -0.2680056495592 0.250174751272425 0 -180.09877204895 -838.196337223053 -420.522570610046 0 0 0
"us" 0 0 0 1.58025743439794 419.562786817551 43.553814291954 -11464.1971588135 -13601.4919281006 -28627.8533935547 -1240.71764945984 848.903656005859 460.176020860672 0 0 0 0 0 0
"canada" 0 0 -429.188907146454 -16627.9735565186 -4987.73002624512 0 0 -124.554395675659 -29887.5370025635 -53138.3895874023 -10086.6451263428 0 0 0 0 0 0 0
"mexico" 0 0 0 0 0 0 -30.5236876010895 -125.129893422127 -733.909249305725 134.415984153748 108.511373400688 82.7403515577316 -612.939357757568 -1159.78384017944 -765.8771276474 -56.8487495183945 30.932355672121 0
"latinamer" 0 -6.29351008683443 -48.9917732775211 -59.162825345993 -125.785306096077 -7.13970325887203 -400.953322649002 -374.128937721252 -233.095899224281 -141.173601150513 -68.5056075453758 -23.6504301428795 -4389.37759399414 -2115.4625415802 -1049.42953586578 -42.1157702803612 -39.9691686034203 0
"eu27" 0 0 -4.36896551400423 -7520.07675170898 -116.05878174305 0 -2889.4567489624 -16477.3368835449 -64815.185546875 -7489.33410644531 0 0 0 0 0 0 0 0
"uk" 0 0 44.6476638317108 2.68850335851312 0 0 -12.2652500867844 -288.734078407288 -528.486669063568 0 0 0 0 0 0 0 0 0
"russia" 0 0 0 78.6817073822021 899.072527885437 75.2894729375839 0 6.73323636874557 1015.22719860077 2691.49446487427 336.459159851074 0 0 0 0 0 0 0
"efta" 0 0 -11.14915125072 -159.239679574966 52.4609088897705 0 0 0 -54.64056879282 0 0 0 0 0 0 0 0 0
"mena" 0 0 0 -0.558896572329104 -5.63336163759232 0 0 -99.1291999816895 -3532.42111206055 -4605.30662536621 -312.032878398895 1.77191640250385 0 0 0 0 0 0
"ssa" 0 0 0 0 0 0 0 -3094.56753730774 -1890.96808433533 -279.71339225769 -11.578718200326 0 -10610.7997894287 -16289.6423339844 -14737.0281219482 -2038.14697265625 -80.5592238903046 0
"restofworld" 0 0 -0.314416654873639 14.7032923996449 34.6063114702702 3.75554943457246 -36.9105488061905 -136.91046833992 -5694.56338882446 -668.386697769165 1.03732070419937 0 0 0 0 0 0 0
