"angdrc" 0 0 0 0 0 0 0 0 563.187479972839 485.907971858978 0 0 1029.0093421936 3935.86397171021 4334.50031280518 902.84788608551 0 0
"argentina" 0 0 0 -14.0793994069099 -21.6534715145826 -16.7668350040913 479.314208030701 0 971.5496301651 363.513022661209 -121.565774083138 -18.7779255211353 0 0 0 0 0 0
"bolivia" 0 0 0 0 0 0 -25.7705561816692 -39.0699356794357 -126.680135726929 -297.170996665955 0 0 -440.927952528 -2891.7121887207 -1676.81407928467 -601.572871208191 0 0
"brasil" 0 0 0 0 0 0 21384.6015930176 0 0 0 0 0 126154.708862305 33251.3732910156 6517.3511505127 0 0 0
"colombia" 0 0 0 0 0 0 -132.955849170685 -0.791286525782198 0 0 0 0 1758.39161872864 -33.1847332417965 -4.60164621472359 0 0 0
"ghana" 0 0 0 0 0 0 0 0 0 0 0 0 28290.506362915 28893.7492370605 320.830821990967 0 0 0
"ivorycoast" 0 0 0 0 0 0 0 0 0 0 0 0 185314.590454102 51975.0137329102 460.931539535522 0 0 0
"indonesia" 0 0 0 0 0 0 0 0 0 0 0 0 3181.39362335205 46.810545027256 -10.0031830370426 0 0 0
"madagascar" 0 0 0 0 0 0 0 0 0 0 0 0 -5591.37105941772 -350.53426027298 -191.048383712769 0 0 0
"malasya" 0 0 0 0 0 0 0 0 0 0 0 0 2982.96403884888 0 0 0 0 0
"mozambique" 0 0 0 0 0 0 0 0 0 0 0 0 0 6040.01617431641 12474.1916656494 3540.73762893677 0 0
"myanmar" 0 0 0 0 0 0 -41.6013300418854 -349.10523891449 0 0 0 0 0 -966.769814491272 -373.664885759354 0 0 0
"nigeria" 0 0 0 0 0 0 0 0 0 0 0 0 7232.1310043335 45173.1414794922 2844.05446052551 0 0 0
"paraguay" 0 0 0 0 0 0 52.6687316596508 0 0 0 0 0 -1185.63568592072 0 0 0 0 0
"peru" 0 0 0 0 0 0 3236.008644104 4277.92978286743 1956.55679702759 2264.67347145081 5522.06754684448 306.736588478088 9579.86354827881 1062.74712085724 829.403519630432 726.461708545685 391.984105110168 239.155948162079
"uruguay" 0 0 0 0 0 0 0 0 0 0 0 0 0 0 0 0 0 0
"venezuela" 0 0 0 0 0 0 0 0 0 0 0 0 529.313385486603 646.223306655884 126.18125975132 0 7.77404243126512 0
"newzealand" 0 0 0.0293338089250028 0 0 0 -282.383561134338 -99.0618914365768 0 0 0 0 0 0 0 0 0 0
"oceania" 0 0 0 0 0 0 -388.498812913895 -667.523086071014 -500.247359275818 -46.5161502361298 0 0 -4.99856937676668 -236.360549926758 -31.850703060627 0 0 0
"china" 0 0 0 135.887801647186 0 9.31976176798344 829.101085662842 -1498.53777885437 -982.053399085999 992.852032184601 7.1425074711442 2.76755634695292 -18.0270001292229 57.7080585062504 0 0 0 0
"japan" 0 0 0 -23.9158440381289 0 0 -393.251776695251 -526.77595615387 -793.894648551941 -53.9464727044106 0 0 0 0 0 0 0 0
"korea" 0 0 0 0 0 0 0 -101.781696081161 -38.8341993093491 0 0 0 0 0 0 0 0 0
"india" 0 0 0 0 0 0 -511.063873767853 -222.280830144882 -168.519854545593 -372.350037097931 -108.678959310055 0 0 -1374.04537200928 -8944.87762451172 -5004.07361984253 -240.454614162445 0
"eastasia" 0 0 0 49.6027432382107 35.9162166714668 0 0 -41.2754416465759 -3712.94498443604 -42.9122298955917 0 0 -100.034266710281 0 0 0 0 0
"seasia" 0 0 0 0 0 0 -195.295855402946 -80.9164196252823 -0.672571826726198 0 0 0 -2582.30233192444 -1731.44912719727 -1639.01281356812 0 0 0
"southasia" 0 0 0 0 0 0 0 290.743172168732 2902.00042724609 3.62014258280396 -0.194545325939544 0 1409.56830978394 8867.3849105835 4287.39356994629 0 0 0
"us" 0 0 0 1.96755374781787 525.343537330627 54.3394573032856 -14233.5605621338 -16621.7651367188 -35234.8289489746 -1571.53296470642 1105.53336143494 571.461796760559 0 0 0 0 0 0
"canada" 0 0 -515.791952610016 -20046.9207763672 -6017.41933822632 0 0 -152.852833271027 -36099.3499755859 -64382.2784423828 -12032.2399139404 0 0 0 0 0 0 0
"mexico" 0 0 0 0 0 0 -37.4758504331112 -151.48738026619 -888.812661170959 224.019974470139 147.511690855026 109.269604086876 -751.929819583893 -1425.79054832458 -922.700524330139 -31.7255333065987 41.6362509131432 0
"latinamer" 0 -6.92407507449389 -54.5712821185589 -65.2265623211861 -137.71741092205 -7.75724230334163 -470.174908638 -440.733909606934 -266.842126846313 -160.849064588547 -75.8032202720642 -25.7682632654905 -5259.61303710938 -2504.6272277832 -1236.79065704346 -50.294067710638 -49.5794340968132 0
"eu27" 0 0 -5.53818745538592 -9340.64483642578 -145.063132047653 0 -3567.49582290649 -20995.9564208984 -83159.4009399414 -9515.15769958496 0 0 0 0 0 0 0 0
"uk" 0 0 59.2190772294998 3.58914816752076 0 0 -15.7588496804237 -375.332444906235 -689.145863056183 0 0 0 0 0 0 0 0 0
"russia" 0 0 0 -319.620221853256 963.806986808777 83.7531909346581 0 6.37880433350801 1112.01190948486 2897.50933647156 355.373919010162 0 0 0 0 0 0 0
"efta" 0 0 -12.3716741800308 -180.800229310989 73.8673955202103 0 0 0 -36.2118370831013 0 0 0 0 0 0 0 0 0
"mena" 0 0 0 -0.793550279922783 -7.90004245936871 0 0 -134.142652153969 -4911.61251068115 -6407.87792205811 -457.529067993164 2.25134938955307 0 0 0 0 0 0
"ssa" 0 0 0 0 0 0 0 -3500.91767311096 -2119.68421936035 -297.313809394836 -12.0250899344683 0 -11862.7758026123 -18507.0266723633 -16724.8058319092 -2182.41691589355 -85.8402997255325 0
"restofworld" 0 0 -0.321837142109871 19.7040066123009 45.5968156456947 4.8399087972939 -43.1392602622509 -154.24670279026 -6811.97690963745 -792.445003986359 1.37346726842225 0 0 0 0 0 0 0
