"angdrc" 0 0 0 0 0 0 0 0 433.870226144791 368.777543306351 0 0 884.024262428284 3185.37521362305 3337.81671524048 683.305621147156 0 0
"argentina" 0 0 0 -17.1624310314655 -26.4007039368153 -20.4048678278923 421.597987413406 0 937.031865119934 314.879328012466 -162.411481142044 -23.1345146894455 0 0 0 0 0 0
"bolivia" 0 0 0 0 0 0 -27.7910903096199 -44.0974831581116 -139.49117064476 -325.005531311035 0 0 -481.554478406906 -3086.99989318848 -1815.91868400574 -660.367071628571 0 0
"brasil" 0 0 0 0 0 0 20400.8178710938 0 0 0 0 0 121528.167724609 31657.5889587402 6145.90215682983 0 0 0
"colombia" 0 0 0 0 0 0 49.3321046233177 4.05083224177361 0 0 0 0 2685.71472167969 36.9396954774857 0.266535993432626 0 0 0
"ghana" 0 0 0 0 0 0 0 0 0 0 0 0 28234.561920166 28824.6231079102 319.885969161987 0 0 0
"ivorycoast" 0 0 0 0 0 0 0 0 0 0 0 0 284987.731933594 100529.602050781 2872.6019859314 0 0 0
"indonesia" 0 0 0 0 0 0 0 0 0 0 0 0 1086.9562625885 12.1823390945792 12.4076753854752 0 0 0
"madagascar" 0 0 0 0 0 0 0 0 0 0 0 0 -5929.0246963501 -360.28465628624 -195.301845669746 0 0 0
"malasya" 0 0 0 0 0 0 0 0 0 0 0 0 1243.55733394623 0 0 0 0 0
"mozambique" 0 0 0 0 0 0 0 0 0 0 0 0 0 -262.582898139954 -455.359578132629 -131.624907255173 0 0
"myanmar" 0 0 0 0 0 0 -29.8706088215113 -257.369697093964 0 0 0 0 0 -701.058745384216 -256.181716918945 0 0 0
"nigeria" 0 0 0 0 0 0 0 0 0 0 0 0 7682.08742141724 47992.3362731934 3053.19452285767 0 0 0
"paraguay" 0 0 0 0 0 0 7.94493220746517 0 0 0 0 0 -1259.87458229065 0 0 0 0 0
"peru" 0 0 0 0 0 0 2368.15023422241 3130.67197799683 1431.50329589844 1657.92572498322 4045.46594619751 224.509865045547 7068.12381744385 768.273591995239 604.11012172699 528.996407985687 287.571907043457 175.121903419495
"uruguay" 0 0 0 0 0 0 0 0 0 0 0 0 0 0 0 0 0 0
"venezuela" 0 0 0 0 0 0 0 0 0 0 0 0 -624.276578426361 -761.679887771606 -149.083912372589 0 -9.1692041605711 0
"newzealand" 0 0 0.165481935255229 0 0 0 -217.831045389175 -75.4775032401085 0 0 0 0 0 0 0 0 0 0
"oceania" 0 0 0 0 0 0 -419.465124607086 -700.565159320831 -514.302492141724 -48.089474439621 0 0 -5.77518809586763 -266.443222761154 -33.950112760067 0 0 0
"china" 0 0 0 -69.6697980165482 0 5.44151058420539 -458.625108003616 -2257.04741477966 -1556.37764930725 292.064130306244 3.92229994758964 1.6380213201046 -37.7755053341389 2.35251151025295 0 0 0 0
"japan" 0 0 0 -23.6064940690994 0 0 -386.108696460724 -518.990516662598 -783.319652080536 -53.265355527401 0 0 0 0 0 0 0 0
"korea" 0 0 0 0 0 0 0 -92.8883031010628 -35.0392982363701 0 0 0 0 0 0 0 0 0
"india" 0 0 0 0 0 0 -486.762464046478 -204.292640089989 -165.652364492416 -330.707758665085 -111.384481191635 0 0 -1244.16780471802 -7934.98134613037 -4845.79277038574 -275.895118713379 0
"eastasia" 0 0 0 912.477672100067 25.9377956390381 0 0 293.469607830048 23122.9763031006 1130.03444671631 0 0 842.986226081848 0 0 0 0 0
"seasia" 0 0 0 0 0 0 -206.619828939438 -80.8488577604294 -0.694356160238385 0 0 0 -2601.81593894958 -1832.10611343384 -1698.40621948242 0 0 0
"southasia" 0 0 0 0 0 0 0 -35.5957224965096 -293.513536453247 -0.302925007417798 0.253937876550481 0 -183.601945638657 -910.43496131897 -459.580332040787 0 0 0
"us" 0 0 0 1.60800688900054 427.057981491089 44.4254130125046 -11882.0009231567 -13987.5926971436 -29319.4961547852 -1308.75492095947 833.179950714111 468.167841434479 0 0 0 0 0 0
"canada" 0 0 -442.947387695312 -17172.248840332 -5160.33554077148 0 0 -134.309902787209 -30957.1552276611 -54949.1004943848 -10459.6099853516 0 0 0 0 0 0 0
"mexico" 0 0 0 0 0 0 -32.0792570710182 -130.930989980698 -775.047898292542 132.474184036255 111.100718379021 85.7525765895844 -639.783143997192 -1208.08362960815 -800.37260055542 -69.9384734034538 31.7450016736984 0
"latinamer" 0 -6.91874604672194 -53.7246316671371 -64.9735331535339 -138.314366340637 -7.86654371768236 -431.230753660202 -396.594882011414 -251.959711313248 -153.559565544128 -75.1699507236481 -26.0396394878626 -4618.85738372803 -2234.68255996704 -1098.73342514038 -44.9898838996887 -42.3008799552917 0
"eu27" 0 0 -4.61415760219097 -7824.06902313232 -122.91195243597 0 -3016.45541191101 -17293.3349609375 -67952.4688720703 -7872.86853790283 0 0 0 0 0 0 0 0
"uk" 0 0 44.8054522275925 2.64829071238637 0 0 -13.3166816085577 -308.189958333969 -563.590884208679 0 0 0 0 0 0 0 0 0
"russia" 0 0 0 -91.9367671012878 868.065476417542 73.4158530831337 0 6.23681396245956 994.620800018311 2618.4401512146 324.675679206848 0 0 0 0 0 0 0
"efta" 0 0 -11.7661859840155 -166.558384895325 54.7599270939827 0 0 0 -56.2683306634426 0 0 0 0 0 0 0 0 0
"mena" 0 0 0 -0.601596257183701 -6.00116606801748 0 0 -104.323953390121 -3711.49516105652 -4858.42800140381 -346.578240394592 1.76522671245039 0 0 0 0 0 0
"ssa" 0 0 0 0 0 0 0 -3261.60383224487 -2000.07104873657 -297.68118262291 -12.3629765585065 0 -11248.9013671875 -17290.6532287598 -15642.8251266479 -2168.99657249451 -85.854560136795 0
"restofworld" 0 0 -0.328052061377093 14.7729367017746 34.1045334935188 3.79438837990165 -38.602851331234 -142.688125371933 -5921.94843292236 -701.09236240387 1.03071623016149 0 0 0 0 0 0 0
