"angdrc" 0 0 0 0 0 0 0 0 740.983009338379 654.601752758026 0 0 1237.36643791199 4970.0174331665 5738.81721496582 1229.56371307373 0 0
"argentina" 0 0 0 16.503170132637 25.4211947321892 19.3803794682026 926.499605178833 0 1163.5365486145 789.342880249023 269.639670848846 23.7810015678406 0 0 0 0 0 0
"bolivia" 0 0 0 0 0 0 -14.8730631917715 -13.4044094011188 -59.8593205213547 -150.392681360245 0 0 -225.464209914207 -1808.45808982849 -931.528389453888 -292.26678609848 0 0
"brasil" 0 0 0 0 0 0 1965.70777893066 0 0 0 0 0 11848.9065170288 6855.44490814209 986.347913742065 0 0 0
"colombia" 0 0 0 0 0 0 -230.460420250893 -5.15794567763805 0 0 0 0 -521.3343501091 -81.9757804274559 -6.30629435181618 0 0 0
"ghana" 0 0 0 0 0 0 0 0 0 0 0 0 27143.253326416 27559.9098205566 303.03966999054 0 0 0
"ivorycoast" 0 0 0 0 0 0 0 0 0 0 0 0 53542.6788330078 9086.47441864014 -489.510715007782 0 0 0
"indonesia" 0 0 0 0 0 0 0 0 0 0 0 0 3479.78115081787 109.469786286354 228.44409942627 0 0 0
"madagascar" 0 0 0 0 0 0 0 0 0 0 0 0 24070.4708099365 1556.72454833984 850.058317184448 0 0 0
"malasya" 0 0 0 0 0 0 0 0 0 0 0 0 -708.679437637329 0 0 0 0 0
"mozambique" 0 0 0 0 0 0 0 0 0 0 0 0 0 2525.79879760742 5235.20851135254 1493.65520477295 0 0
"myanmar" 0 0 0 0 0 0 132.44041800499 1068.9435005188 0 0 0 0 0 3024.61409568787 1223.35267066956 0 0 0
"nigeria" 0 0 0 0 0 0 0 0 0 0 0 0 4188.65537643433 26639.5988464355 1676.438331604 0 0 0
"paraguay" 0 0 0 0 0 0 18.8214555382729 0 0 0 0 0 -522.834479808807 0 0 0 0 0
"peru" 0 0 0 0 0 0 1758.50057601929 2312.60919570923 1061.71989440918 1227.04482078552 2979.74443435669 166.730597615242 4884.43088531494 566.402912139893 450.53705573082 394.351452589035 211.591422557831 129.607915878296
"uruguay" 0 0 0 0 0 0 0 0 0 0 0 0 0 0 0 0 0 0
"venezuela" 0 0 0 0 0 0 0 0 0 0 0 0 -115.197479724884 -154.377579689026 -28.633963316679 0 -2.20415461808443 0
"newzealand" 0 0 31.9624617695808 0 0 0 4456.24542236328 1771.27170562744 0 0 0 0 0 0 0 0 0 0
"oceania" 0 0 0 0 0 0 2890.31744003296 5308.3643913269 3840.38925170898 366.397202014923 0 0 31.2449801713228 1534.50798988342 258.316814899445 0 0 0
"china" 0 0 0 -4260.66017150879 0 -39.3456146121025 -24733.9420318604 -25087.7742767334 -19400.0263214111 -10919.5261001587 -35.7850268483162 -11.4475972950459 -535.526275634766 -962.075591087341 0 0 0 0
"japan" 0 0 0 -174.039646983147 0 0 -2901.77631378174 -3885.55955886841 -5871.79660797119 -394.807398319244 0 0 0 0 0 0 0 0
"korea" 0 0 0 0 0 0 0 -1250.68354606628 -502.634465694427 0 0 0 0 0 0 0 0 0
"india" 0 0 0 0 0 0 1950.68514347076 897.631943225861 788.398206233978 1449.65028762817 489.615350961685 0 0 4964.10846710205 33660.6826782227 20276.7581939697 1340.40510654449 0
"eastasia" 0 0 0 -271.872073411942 101.702764630318 0 0 -296.567618846893 -27166.4047241211 -1039.82746601105 0 0 -663.210868835449 0 0 0 0 0
"seasia" 0 0 0 0 0 0 1469.09618377686 558.964610099792 3.78423416987062 0 0 0 16207.29637146 13410.701751709 9745.98026275635 0 0 0
"southasia" 0 0 0 0 0 0 0 190.205439925194 1879.04560565948 2.43952963501215 -0.037282192351995 0 866.277456283569 5550.2462387085 2688.39573860168 0 0 0
"us" 0 0 0 5.90206636115909 1717.125415802 140.385895967484 62639.274597168 70023.7884521484 137008.422851562 13552.1450042725 21186.8648529053 1807.08050727844 0 0 0 0 0 0
"canada" 0 0 1932.14559555054 73190.4983520508 22053.5697937012 0 0 641.521453857422 126223.487854004 237268.692016602 53188.7435913086 0 0 0 0 0 0 0
"mexico" 0 0 0 0 0 0 115.34595489502 460.260570049286 3011.32488250732 528.25665473938 -27.2844079881907 -171.464174985886 2089.65349197388 3957.90719985962 3039.77942466736 1272.76372909546 -14.8764131590724 0
"latinamer" 0 112.731605768204 833.411157131195 1044.37327384949 2282.29689598083 134.256064891815 4753.31783294678 3568.75324249268 3200.82378387451 2081.80952072144 1194.48065757751 440.000355243683 34927.0057678223 18635.9710693359 8019.24896240234 425.863802433014 281.637191772461 0
"eu27" 0 0 -24.7723944485188 -36814.9337768555 -680.182218551636 0 -14113.4052276611 -84315.91796875 -338805.206298828 -39845.9320068359 0 0 0 0 0 0 0 0
"uk" 0 0 -40.8734977245331 -9.34125855565071 0 0 -131.391033530235 -2329.37288284302 -4179.34608459473 0 0 0 0 0 0 0 0 0
"russia" 0 0 0 -38225.8758544922 -9207.99922943115 -622.570514678955 0 -124.07024204731 -6942.57831573486 -22819.1509246826 -3553.04598808289 0 0 0 0 0 0 0
"efta" 0 0 -68.8756629824638 -901.914358139038 260.91068983078 0 0 0 -310.027420520782 0 0 0 0 0 0 0 0 0
"mena" 0 0 0 -5.50450198352337 -47.0587573945522 0 0 -659.535884857178 -23089.786529541 -32192.6383972168 -4866.50657653809 -3.91093734651804 0 0 0 0 0 0
"ssa" 0 0 0 0 0 0 0 16295.093536377 11330.0590515137 2117.10786819458 97.469300031662 0 66179.5501708984 97048.2559204102 91197.9217529297 15256.290435791 624.287724494934 0
"restofworld" 0 0 -3.17503418773413 -56.4663745462894 -280.095010995865 -6.70098280534148 -296.262919902802 -1215.86346626282 -37955.0018310547 -6623.71921539307 -6.94946758449078 0 0 0 0 0 0 0
