"angdrc" 0 0 0 0 0 0 0 0 184.216141700745 193.79597902298 0 0 -421.733289957047 44.7292812168598 1521.10362052917 398.199856281281 0 0
"argentina" 0 0 0 19.0098434686661 29.2463432997465 22.439893335104 500.079393386841 0 502.203285694122 498.084157705307 266.986548900604 26.2528117746115 0 0 0 0 0 0
"bolivia" 0 0 0 0 0 0 -21.0548583418131 -31.1989597976208 -102.644190192223 -239.174112677574 0 0 -355.704665184021 -2371.60587310791 -1381.44850730896 -488.260269165039 0 0
"brasil" 0 0 0 0 0 0 15817.7995681763 0 0 0 0 0 94210.205078125 26207.1590423584 4756.62422180176 0 0 0
"colombia" 0 0 0 0 0 0 365.565448999405 12.5503800809383 0 0 0 0 4768.50986480713 158.356368541718 8.32818821072578 0 0 0
"ghana" 0 0 0 0 0 0 0 0 0 0 0 0 26832.0274353027 27456.5315246582 305.466711521149 0 0 0
"ivorycoast" 0 0 0 0 0 0 0 0 0 0 0 0 282399.200439453 99084.4573974609 2795.88341712952 0 0 0
"indonesia" 0 0 0 0 0 0 0 0 0 0 0 0 -3839.35213088989 -37.8019511699677 73.6950561404228 0 0 0
"madagascar" 0 0 0 0 0 0 0 0 0 0 0 0 1386.57939434052 102.73540019989 57.3887899518013 0 0 0
"malasya" 0 0 0 0 0 0 0 0 0 0 0 0 -1670.20583152771 0 0 0 0 0
"mozambique" 0 0 0 0 0 0 0 0 0 0 0 0 0 48.0186380445957 223.300471901894 62.0912984013557 0 0
"myanmar" 0 0 0 0 0 0 -17.9739519953728 -163.32021355629 0 0 0 0 0 -444.142639636993 -145.151853561401 0 0 0
"nigeria" 0 0 0 0 0 0 0 0 0 0 0 0 585.41464805603 4163.32626342773 233.093127608299 0 0 0
"paraguay" 0 0 0 0 0 0 4.70549240708351 0 0 0 0 0 -1116.10066890717 0 0 0 0 0
"peru" 0 0 0 0 0 0 1844.27189826965 2427.56605148315 1114.66002464294 1289.30413722992 3129.31776046753 174.720913171768 5065.77777862549 602.292537689209 474.611759185791 415.308892726898 224.126815795898 136.154025793076
"uruguay" 0 0 0 0 0 0 0 0 0 0 0 0 0 0 0 0 0 0
"venezuela" 0 0 0 0 0 0 0 0 0 0 0 0 -664.494693279266 -810.38773059845 -158.70675444603 0 -9.75171476602554 0
"newzealand" 0 0 -3.98446340113878 0 0 0 -390.125602483749 -162.997350096703 0 0 0 0 0 0 0 0 0 0
"oceania" 0 0 0 0 0 0 -261.00155711174 -480.83370923996 -300.255537033081 -30.4908230900764 0 0 -2.35342886298895 -117.815889418125 -24.0021757781506 0 0 0
"china" 0 0 0 -74.7562497854233 0 5.12606650590897 -155.623555183411 -1782.69934654236 -1272.65119552612 318.921655416489 3.59572912566364 1.53996667359024 -25.3409445285797 13.1351053714752 0 0 0 0
"japan" 0 0 0 -25.4467781633139 0 0 -413.333654403687 -559.970021247864 -845.338344573975 -57.5142353773117 0 0 0 0 0 0 0 0
"korea" 0 0 0 0 0 0 0 -78.062079846859 -28.3713638782501 0 0 0 0 0 0 0 0 0
"india" 0 0 0 0 0 0 -267.721652984619 -103.999301791191 -101.685658097267 -216.141641139984 -76.912596821785 0 0 -655.195951461792 -4330.15441894531 -2924.07464981079 -182.546466588974 0
"eastasia" 0 0 0 125.353902578354 41.501559317112 0 0 -19.9787598103285 -2002.75731086731 61.9178265333176 0 0 -45.536532998085 0 0 0 0 0
"seasia" 0 0 0 0 0 0 -10.1093333214521 -9.6549354493618 -0.0300648662232561 0 0 0 -763.901114463806 5.24386018514633 -39.6250411868095 0 0 0
"southasia" 0 0 0 0 0 0 0 -16.4858307689428 -90.2374088764191 -0.0164012908498989 0.32369646942243 0 -116.281762719154 -334.019809961319 -181.706756353378 0 0 0
"us" 0 0 0 2.84400279633701 774.105787277222 75.424000620842 -9262.84217834473 -10840.1489257812 -20890.5258178711 93.0091068148613 3823.65942001343 829.995036125183 0 0 0 0 0 0
"canada" 0 0 -301.583230495453 -11760.347366333 -3488.4033203125 0 0 -82.451805472374 -22223.3963012695 -37755.313873291 -6645.40195465088 0 0 0 0 0 0 0
"mexico" 0 0 0 0 0 0 -27.8758704662323 -114.767700433731 -675.994277000427 109.148129820824 97.3862856626511 73.9750638604164 -559.787273406982 -1055.70673942566 -701.919555664062 -57.7210411429405 27.970477938652 0
"latinamer" 0 11.2191196531057 81.085592508316 102.798268198967 226.977080106735 13.5802384465933 352.344065904617 193.386316299438 268.505930900574 185.506910085678 116.710916161537 44.2230254411697 1239.32099342346 865.697503089905 228.982716798782 26.5941508114338 7.79270706698298 0
"eu27" 0 0 -9.13826189935207 -15596.7025756836 -179.877504706383 0 -5294.93999481201 -32783.5922241211 -131961.181640625 -14850.2044677734 0 0 0 0 0 0 0 0
"uk" 0 0 -1046.98801040649 -99.6732711791992 0 0 -454.941183328629 -6692.24166870117 -11768.4421539307 0 0 0 0 0 0 0 0 0
"russia" 0 0 0 2085.29829978943 1571.8582868576 120.853662490845 0 14.3632087856531 1612.04838752747 4480.93128204346 593.975186347961 0 0 0 0 0 0 0
"efta" 0 0 -14.5864989608526 -197.945922613144 128.282099962234 0 0 0 63.5323747992516 0 0 0 0 0 0 0 0 0
"mena" 0 0 0 0.356267322786152 0.757076602894813 0 0 -27.2776074707508 -1456.62760734558 -1013.84150981903 664.551138877869 4.86724404618144 0 0 0 0 0 0
"ssa" 0 0 0 0 0 0 0 560.69028377533 377.500236034393 109.441012144089 5.61717990785837 0 3184.40008163452 3718.51348876953 2651.69382095337 714.813530445099 32.6370894908905 0
"restofworld" 0 0 1.43579766154289 132.146686315536 441.431015729904 25.0511765480042 116.875156760216 640.212714672089 8566.17736816406 3267.46988296509 11.7480792105198 0 0 0 0 0 0 0
