"angdrc" 0 0 0 0 0 0 0 0 729105.346679688 722565.856933594 0 0 569934.326171875 1761178.95507812 2665707.51953125 611060.424804688 0 0
"argentina" 0 0 0 -256.154000759125 -394.034922122955 -302.924573421478 3275.86126327515 0 10682.2052001953 3280.53760528564 -2897.22108840942 -353.612840175629 0 0 0 0 0 0
"bolivia" 0 0 0 0 0 0 9950.17242431641 44575.7865905762 112999.267578125 301830.627441406 0 0 64953.0792236328 779720.458984375 1010812.37792969 499228.759765625 0 0
"brasil" 0 0 0 0 0 0 552183.715820312 0 0 0 0 0 3704400.87890625 3919835.44921875 752210.571289062 0 0 0
"colombia" 0 0 0 0 0 0 207427.291870117 6213.15908432007 0 0 0 0 1170572.38769531 41380.1040649414 5026.12781524658 0 0 0
"ghana" 0 0 0 0 0 0 0 0 0 0 0 0 16954.1969299316 14862.5860214233 132.190629839897 0 0 0
"ivorycoast" 0 0 0 0 0 0 0 0 0 0 0 0 688825.317382812 248976.867675781 66345.0317382812 0 0 0
"indonesia" 0 0 0 0 0 0 0 0 0 0 0 0 588437.561035156 3157.74202346802 10109.2910766602 0 0 0
"madagascar" 0 0 0 0 0 0 0 0 0 0 0 0 7065.25897979736 315.110415220261 159.408912062645 0 0 0
"malasya" 0 0 0 0 0 0 0 0 0 0 0 0 40289.8254394531 0 0 0 0 0
"mozambique" 0 0 0 0 0 0 0 0 0 0 0 0 0 -2338.64283561707 -5797.98221588135 -1631.7754983902 0 0
"myanmar" 0 0 0 0 0 0 -143.910586833954 -1095.46983242035 0 0 0 0 0 -3050.66156387329 -1093.25695037842 0 0 0
"nigeria" 0 0 0 0 0 0 0 0 0 0 0 0 4404.50525283813 25497.5185394287 1892.09496974945 0 0 0
"paraguay" 0 0 0 0 0 0 102237.518310547 0 0 0 0 0 84527.0919799805 0 0 0 0 0
"peru" 0 0 0 0 0 0 -19950.7160186768 -25452.8312683105 -11914.5174026489 -13710.6895446777 -32801.0711669922 -1902.31871604919 57736.8011474609 5577.08740234375 1741.67895317078 -4684.66281890869 -2373.90494346619 -1443.22514533997
"uruguay" 0 0 0 0 0 0 0 0 0 0 0 0 0 0 0 0 0 0
"venezuela" 0 0 0 0 0 0 0 0 0 0 0 0 8946.65336608887 11077.1532058716 2149.18398857117 0 135.750785470009 0
"newzealand" 0 0 26.0141734033823 0 0 0 2802.91509628296 1153.70690822601 0 0 0 0 0 0 0 0 0 0
"oceania" 0 0 0 0 0 0 1823.24635982513 4000.12636184692 2469.06280517578 226.803287863731 0 0 3.48031357862055 438.100963830948 214.16649222374 0 0 0
"china" 0 0 0 -8187.14618682861 0 -150.762170553207 -49129.035949707 -28195.7225799561 -22411.5161895752 -27008.716583252 -125.059172511101 -44.3857274949551 -729.68989610672 -2182.84296989441 0 0 0 0
"japan" 0 0 0 -9.92266461253166 0 0 -164.205819368362 -257.710248231888 -355.215191841125 -23.4421212226152 0 0 0 0 0 0 0 0
"korea" 0 0 0 0 0 0 0 -331.27361536026 -146.345928311348 0 0 0 0 0 0 0 0 0
"india" 0 0 0 0 0 0 1076.35045051575 529.4029712677 542.395532131195 391.888737678528 417.349874973297 0 0 4562.85953521729 21743.8106536865 18920.4139709473 1568.96996498108 0
"eastasia" 0 0 0 -1914.25108909607 -367.258906364441 0 0 -34.2598743736744 -3251.92189216614 -1523.2595205307 0 0 -221.908017992973 0 0 0 0 0
"seasia" 0 0 0 0 0 0 -692.819714546204 -202.351570129395 -0.580821477342397 0 0 0 -2741.08362197876 -7624.40872192383 -2107.03301429749 0 0 0
"southasia" 0 0 0 0 0 0 0 153.45162153244 1642.1126127243 1.5714013716206 -1.57776230480522 0 887.540340423584 5394.07300949097 2685.57405471802 0 0 0
"us" 0 0 0 -10.0686186924577 -2514.29224014282 -298.908472061157 170128.707885742 202844.009399414 485583.923339844 32108.9210510254 19654.1271209717 -2547.04618453979 0 0 0 0 0 0
"canada" 0 0 1992.7191734314 75395.8969116211 22232.0690155029 0 0 659.702122211456 136886.444091797 243145.065307617 50151.7181396484 0 0 0 0 0 0 0
"mexico" 0 0 0 0 0 0 149.066761136055 529.237806797028 3521.19016647339 1077.84938812256 85.1907804608345 -105.913102626801 2619.2626953125 4533.25271606445 3872.71332740784 2414.54195976257 15.5645161867142 0
"latinamer" 0 233.520299196243 1730.08954524994 2171.43893241882 4744.85063552856 278.331965208054 10204.2713165283 7652.95696258545 6733.22486877441 4371.13428115845 2489.03036117554 914.11167383194 75540.0543212891 39915.714263916 17157.1617126465 913.272738456726 619.553506374359 0
"eu27" 0 0 11.8888122960925 16808.6318969727 342.937618494034 0 7258.88681411743 48613.4262084961 180301.483154297 22474.6341705322 0 0 0 0 0 0 0 0
"uk" 0 0 -604.710578918457 -47.3713055253029 0 0 -58.3656951785088 -138.15401494503 -112.105458974838 0 0 0 0 0 0 0 0 0
"russia" 0 0 0 -9433.33625793457 -3240.57006835938 -246.43862247467 0 -36.3051071763039 -2834.55657958984 -8288.42353820801 -1085.24751663208 0 0 0 0 0 0 0
"efta" 0 0 -24.623891338706 -127.80374288559 -405.605286359787 0 0 0 -771.796226501465 0 0 0 0 0 0 0 0 0
"mena" 0 0 0 0.925598433241248 12.9551803693175 0 0 270.181149244308 10986.2432479858 12084.3811035156 -343.975067138672 -11.509295552969 0 0 0 0 0 0
"ssa" 0 0 0 0 0 0 0 5485.19992828369 1950.81770420074 -304.000407457352 -24.3981555104256 0 8810.17684936523 22474.9431610107 15953.9499282837 -1700.30736923218 -91.3202464580536 0
"restofworld" 0 0 19.6334160864353 944.725096225739 3534.08575057983 164.914518594742 1737.03491687775 8307.90328979492 195432.418823242 45538.1774902344 93.9144641160965 0 0 0 0 0 0 0
