"angdrc" 0 0 0 0 0 0 0 0 2390.91515541077 2056.66565895081 0 0 4528.73611450195 17120.8477020264 18433.6967468262 3816.32256507874 0 0
"argentina" 0 0 0 -438.836604356766 -674.73304271698 -517.992258071899 2660.69841384888 0 13980.4201126099 3401.60441398621 -5203.46260070801 -612.711429595947 0 0 0 0 0 0
"bolivia" 0 0 0 0 0 0 -144.424557685852 -305.060982704163 -814.84043598175 -1828.29785346985 0 0 -2729.26592826843 -14409.387588501 -8661.89861297607 -3518.26572418213 0 0
"brasil" 0 0 0 0 0 0 554212.524414062 0 0 0 0 0 3695453.36914062 3905676.7578125 751311.950683594 0 0 0
"colombia" 0 0 0 0 0 0 203934.783935547 6106.12297058105 0 0 0 0 1155250.12207031 40094.6350097656 4946.18129730225 0 0 0
"ghana" 0 0 0 0 0 0 0 0 0 0 0 0 273485.931396484 50765.8882141113 564.754962921143 0 0 0
"ivorycoast" 0 0 0 0 0 0 0 0 0 0 0 0 690038.024902344 249110.443115234 66835.3042602539 0 0 0
"indonesia" 0 0 0 0 0 0 0 0 0 0 0 0 616949.645996094 3951.58863067627 11198.2822418213 0 0 0
"madagascar" 0 0 0 0 0 0 0 0 0 0 0 0 45341.5946960449 2708.62197875977 1453.7957906723 0 0 0
"malasya" 0 0 0 0 0 0 0 0 0 0 0 0 190343.231201172 0 0 0 0 0
"mozambique" 0 0 0 0 0 0 0 0 0 0 0 0 0 -864.103019237518 -2943.61710548401 -818.366169929504 0 0
"myanmar" 0 0 0 0 0 0 -63.9444068074226 -417.105287313461 0 0 0 0 0 -1121.31011486053 -400.170832872391 0 0 0
"nigeria" 0 0 0 0 0 0 0 0 0 0 0 0 11164.2389297485 68393.2342529297 4589.05172348022 0 0 0
"paraguay" 0 0 0 0 0 0 102240.097045898 0 0 0 0 0 83474.9069213867 0 0 0 0 0
"peru" 0 0 0 0 0 0 2610.77570915222 3494.80867385864 1584.06281471252 1837.56840229034 4515.68031311035 246.775925159454 9074.01943206787 906.537711620331 672.905921936035 591.176509857178 320.027559995651 193.751513957977
"uruguay" 0 0 0 0 0 0 0 0 0 0 0 0 0 0 0 0 0 0
"venezuela" 0 0 0 0 0 0 0 0 0 0 0 0 9037.60051727295 11154.5381546021 2169.77286338806 0 136.084079742432 0
"newzealand" 0 0 3.64687107503414 0 0 0 1087.22019195557 405.169010162354 0 0 0 0 0 0 0 0 0 0
"oceania" 0 0 0 0 0 0 2642.20833778381 5518.63479614258 3687.9563331604 342.847436666489 0 0 12.1158733963966 870.557963848114 282.978177070618 0 0 0
"china" 0 0 0 -6158.42723846436 0 -151.164978742599 -36469.6464538574 -9874.82833862305 -8753.21578979492 -23094.7360992432 -122.097291052341 -44.7407066822052 -356.104135513306 -1751.55735015869 0 0 0 0
"japan" 0 0 0 82.4492797255516 0 0 1362.80846595764 1799.09551143646 2702.40116119385 185.127004981041 0 0 0 0 0 0 0 0
"korea" 0 0 0 0 0 0 0 403.966069221497 134.283378720284 0 0 0 0 0 0 0 0 0
"india" 0 0 0 0 0 0 3372.49732017517 1596.28665447235 1488.03818225861 1780.33709526062 1114.78841304779 0 0 11711.9216918945 63485.8512878418 48890.3656005859 3897.85885810852 0
"eastasia" 0 0 0 -3373.42309951782 -791.177093982697 0 0 199.259608983994 18206.5448760986 -2022.44687080383 0 0 199.960872530937 0 0 0 0 0
"seasia" 0 0 0 0 0 0 -1113.61742019653 -322.28484749794 -1.13347521983087 0 0 0 -3849.07460212708 -11763.1320953369 -3744.02332305908 0 0 0
"southasia" 0 0 0 0 0 0 0 376.738131046295 3736.95611953735 4.39945608377457 -2.15497054159641 0 1916.11349582672 11538.5904312134 5643.47362518311 0 0 0
"us" 0 0 0 -23.0421423912048 -6332.7488899231 -608.112871646881 35670.0668334961 51374.0577697754 178483.978271484 -482.328146696091 -31066.1811828613 -6615.51713943481 0 0 0 0 0 0
"canada" 0 0 2773.75817298889 104348.182678223 30946.8955993652 0 0 775.438547134399 189502.578735352 357198.883056641 72206.7947387695 0 0 0 0 0 0 0
"mexico" 0 0 0 0 0 0 433.407932519913 1642.50290393829 10768.1312561035 -323.915421962738 -989.029705524445 -933.890998363495 7686.95116043091 13618.2727813721 9981.72378540039 2890.545129776 -300.23530125618 0
"latinamer" 0 20.2813465148211 153.193950653076 190.251767635345 411.429286003113 23.7063467502594 1070.5314874649 800.732254981995 620.29618024826 393.359512090683 216.385424137115 77.8524354100227 9319.8938369751 4224.17306900024 1809.82995033264 95.8656370639801 87.5867754220963 0
"eu27" 0 0 15.7376620918512 21145.4315185547 453.441560268402 0 8875.90408325195 61871.3264465332 238604.00390625 30639.0743255615 0 0 0 0 0 0 0 0
"uk" 0 0 -596.851825714111 -46.2895445525646 0 0 -47.9952059686184 83.490751683712 277.420699596405 0 0 0 0 0 0 0 0 0
"russia" 0 0 0 40174.0417480469 9638.4859085083 609.733760356903 0 133.945435285568 7423.8133430481 24725.7518768311 4003.32498550415 0 0 0 0 0 0 0
"efta" 0 0 -38.8653501868248 -285.658150911331 -497.459024190903 0 0 0 -1076.40278339386 0 0 0 0 0 0 0 0 0
"mena" 0 0 0 8.4945959970355 72.6183876395226 0 0 1221.4822769165 42457.6301574707 56410.1028442383 6791.31460189819 -3.85247613303363 0 0 0 0 0 0
"ssa" 0 0 0 0 0 0 0 27815.4373168945 15649.0592956543 1749.7923374176 60.4570433497429 0 84593.75 142306.243896484 122634.44519043 13487.6146316528 503.207802772522 0
"restofworld" 0 0 3.58712999150157 110.267423093319 504.997849464417 14.782696031034 343.599915504456 1843.98293495178 46107.234954834 10914.9713516235 13.3560411632061 0 0 0 0 0 0 0
