"angdrc" 0 0 0 0 0 0 0 0 727972.412109375 721355.834960938 0 0 569207.214355469 1760040.28320312 2663836.18164062 610759.399414062 0 0
"argentina" 0 0 0 -325.287640094757 -499.361723661423 -386.113226413727 -1169.13664340973 0 11858.2105636597 -447.047591209412 -4509.85288619995 -441.25896692276 0 0 0 0 0 0
"bolivia" 0 0 0 0 0 0 9947.59750366211 44452.9838562012 112723.098754883 301000.823974609 0 0 64946.9680786133 779395.99609375 1009495.97167969 498208.557128906 0 0
"brasil" 0 0 0 0 0 0 87945.5261230469 0 0 0 0 0 476738.555908203 133231.353759766 25931.5986633301 0 0 0
"colombia" 0 0 0 0 0 0 202145.614624023 6050.05121231079 0 0 0 0 1145954.46777344 39350.3074645996 4905.601978302 0 0 0
"ghana" 0 0 0 0 0 0 0 0 0 0 0 0 273458.557128906 50767.0478820801 565.020263195038 0 0 0
"ivorycoast" 0 0 0 0 0 0 0 0 0 0 0 0 687720.581054688 248684.417724609 66220.0241088867 0 0 0
"indonesia" 0 0 0 0 0 0 0 0 0 0 0 0 43330.982208252 164.86331820488 -639.254748821259 0 0 0
"madagascar" 0 0 0 0 0 0 0 0 0 0 0 0 -3231.10318183899 -329.888164997101 -191.462740302086 0 0 0
"malasya" 0 0 0 0 0 0 0 0 0 0 0 0 181751.434326172 0 0 0 0 0
"mozambique" 0 0 0 0 0 0 0 0 0 0 0 0 0 -2568.65072250366 -5915.64321517944 -1680.8774471283 0 0
"myanmar" 0 0 0 0 0 0 -247.739404439926 -1964.98823165894 0 0 0 0 0 -5420.32146453857 -2084.97405052185 0 0 0
"nigeria" 0 0 0 0 0 0 0 0 0 0 0 0 1621.18947505951 8312.11280822754 686.690628528595 0 0 0
"paraguay" 0 0 0 0 0 0 478.195905685425 0 0 0 0 0 -2309.96799468994 0 0 0 0 0
"peru" 0 0 0 0 0 0 -19747.9267120361 -25211.7404937744 -11796.3848114014 -13576.1651992798 -32487.4420166016 -1882.47525691986 57323.3985900879 5522.12524414062 1631.94012641907 -5067.68178939819 -2351.61542892456 -1428.17163467407
"uruguay" 0 0 0 0 0 0 0 0 0 0 0 0 0 0 0 0 0 0
"venezuela" 0 0 0 0 0 0 0 0 0 0 0 0 1044.57855224609 1285.81488132477 250.16313791275 0 15.637407079339 0
"newzealand" 0 0 -29.9264956265688 0 0 0 -2561.67006492615 -1094.90072727203 0 0 0 0 0 0 0 0 0 0
"oceania" 0 0 0 0 0 0 -259.030103683472 -452.209889888763 -222.704127430916 -22.5691422820091 0 0 -2.47752433642745 -114.085555076599 -23.5382560640574 0 0 0
"china" 0 0 0 -5882.32851028442 0 -101.927295327187 -36044.807434082 -22776.0353088379 -17692.9035186768 -18918.1747436523 -84.92361754179 -29.9034956842661 -585.916042327881 -1587.3818397522 0 0 0 0
"japan" 0 0 0 -43.3660931885242 0 0 -716.205298900604 -973.594188690186 -1453.12201976776 -98.2107296586037 0 0 0 0 0 0 0 0
"korea" 0 0 0 0 0 0 0 -212.505728006363 -106.35431855917 0 0 0 0 0 0 0 0 0
"india" 0 0 0 0 0 0 3961.77649497986 1898.19431304932 1752.87139415741 2696.37775421143 1287.43481636047 0 0 12168.8385009766 74013.5879516602 52710.5255126953 4207.42654800415 0
"eastasia" 0 0 0 -2493.33667755127 -652.952194213867 0 0 301.46262049675 24539.9532318115 -1244.33898925781 0 0 540.624022483826 0 0 0 0 0
"seasia" 0 0 0 0 0 0 1848.21105003357 792.659521102905 6.05135876685381 0 0 0 27488.2221221924 15976.0751724243 15256.3571929932 0 0 0
"southasia" 0 0 0 0 0 0 0 -125.970050692558 -1301.56207084656 -2.49679666012526 -1.65963312610984 0 229.477941989899 -2115.40937423706 -1162.59109973907 0 0 0
"us" 0 0 0 -10.8631160110235 -3015.13886451721 -285.085558891296 -5296.30565643311 -3960.68692207336 26800.1327514648 -3015.54036140442 -17639.2593383789 -3155.35235404968 0 0 0 0 0 0
"canada" 0 0 438.078582286835 16546.9589233398 5056.59198760986 0 0 165.317505598068 35709.3505859375 62239.1204833984 9801.74827575684 0 0 0 0 0 0 0
"mexico" 0 0 0 0 0 0 -3.49948019720614 -43.046347796917 279.32608127594 -1027.03094482422 -370.902448892593 -188.194677233696 -121.55669927597 -289.592027664185 -463.378936052322 -968.261241912842 -92.4338102340698 0
"latinamer" 0 -47.3610535264015 -337.143629789352 -434.25726890564 -966.51029586792 -58.0976419150829 -1409.15536880493 -986.442148685455 -1154.75285053253 -757.066309452057 -490.20978808403 -188.640952110291 -7632.94696807861 -4726.65977478027 -2077.47197151184 -103.278055787086 -13.4503189474344 0
"eu27" 0 0 5.53585402667522 6798.22731018066 93.6246290802956 0 2183.73537063599 21716.1045074463 82248.0163574219 10549.8495101929 0 0 0 0 0 0 0 0
"uk" 0 0 -228.304639458656 -16.923388466239 0 0 -4.53223148360848 280.55864572525 546.503663063049 0 0 0 0 0 0 0 0 0
"russia" 0 0 0 -7376.5549659729 -3071.90871238708 -246.213063597679 0 -32.0044383406639 -2799.99136924744 -8170.04203796387 -1089.47801589966 0 0 0 0 0 0 0
"efta" 0 0 -19.9853610247374 -198.289632797241 -242.573574185371 0 0 0 -615.569591522217 0 0 0 0 0 0 0 0 0
"mena" 0 0 0 -0.997942872345448 -1.18208467029035 0 0 81.4121589064598 5493.6785697937 3398.85878562927 -2423.43020439148 -16.9324707239866 0 0 0 0 0 0
"ssa" 0 0 0 0 0 0 0 379.207104444504 -655.634880065918 -530.788064002991 -30.4138697683811 0 -6699.53727722168 -2300.10938644409 -4011.80839538574 -3492.51317977905 -155.465021729469 0
"restofworld" 0 0 1.76520261447877 64.1046762466431 288.502722978592 8.93139000982046 178.930997848511 954.49286699295 22965.8203125 5678.8854598999 7.48445838689804 0 0 0 0 0 0 0
