"angdrc" 0 0 0 0 0 0 0 0 1771.81768417358 1559.03351306915 0 0 2692.90065765381 11536.6153717041 13708.233833313 2919.81601715088 0 0
"argentina" 0 0 0 -150.925487279892 -230.984896421432 -180.922970175743 3730.0226688385 0 15946.2203979492 3408.94103050232 -2103.17420959473 -193.082958459854 0 0 0 0 0 0
"bolivia" 0 0 0 0 0 0 9947.85404205322 44531.5093994141 112913.848876953 301606.567382812 0 0 64948.8296508789 779449.401855469 1009784.79003906 498965.789794922 0 0
"brasil" 0 0 0 0 0 0 545773.010253906 0 0 0 0 0 3711930.6640625 3930307.12890625 750722.045898438 0 0 0
"colombia" 0 0 0 0 0 0 204339.233398438 6118.32475662231 0 0 0 0 1159371.70410156 40403.0342102051 4955.93118667603 0 0 0
"ghana" 0 0 0 0 0 0 0 0 0 0 0 0 273485.168457031 50770.5001831055 565.343618392944 0 0 0
"ivorycoast" 0 0 0 0 0 0 0 0 0 0 0 0 688780.76171875 249040.20690918 66429.6264648438 0 0 0
"indonesia" 0 0 0 0 0 0 0 0 0 0 0 0 575484.741210938 2902.41384506226 9633.62789154053 0 0 0
"madagascar" 0 0 0 0 0 0 0 0 0 0 0 0 21752.2926330566 1242.0140504837 662.767887115479 0 0 0
"malasya" 0 0 0 0 0 0 0 0 0 0 0 0 36191.6542053223 0 0 0 0 0
"mozambique" 0 0 0 0 0 0 0 0 0 0 0 0 0 -1034.71767902374 -3098.33788871765 -862.53559589386 0 0
"myanmar" 0 0 0 0 0 0 -28.9375856518745 -143.029674887657 0 0 0 0 0 -417.74719953537 -26.3056624680758 0 0 0
"nigeria" 0 0 0 0 0 0 0 0 0 0 0 0 7534.93356704712 45746.639251709 3140.55705070496 0 0 0
"paraguay" 0 0 0 0 0 0 101839.431762695 0 0 0 0 0 84270.4162597656 0 0 0 0 0
"peru" 0 0 0 0 0 0 -20726.2172698975 -26465.461730957 -12380.4540634155 -14247.784614563 -34099.6780395508 -1975.44586658478 56624.5765686035 5429.26979064941 1447.30913639069 -5238.99078369141 -2469.58518028259 -1499.43006038666
"uruguay" 0 0 0 0 0 0 0 0 0 0 0 0 0 0 0 0 0 0
"venezuela" 0 0 0 0 0 0 0 0 0 0 0 0 8519.51503753662 10515.6517028809 2044.80147361755 0 128.332227468491 0
"newzealand" 0 0 24.0201819688082 0 0 0 3621.22225761414 1426.62012577057 0 0 0 0 0 0 0 0 0 0
"oceania" 0 0 0 0 0 0 3751.77812576294 7522.39656448364 5083.91523361206 474.137842655182 0 0 25.2368282526731 1499.36330318451 382.410049438477 0 0 0
"china" 0 0 0 -6025.07257461548 0 -131.029486656189 -35892.6658630371 -14587.1934890747 -12002.4194717407 -21282.3963165283 -107.007928192616 -38.6707745492458 -433.985710144043 -1666.79608821869 0 0 0 0
"japan" 0 0 0 76.1494860053062 0 0 1256.0453414917 1655.01391887665 2494.55881118774 170.586466789246 0 0 0 0 0 0 0 0
"korea" 0 0 0 0 0 0 0 338.061392307281 114.841528236866 0 0 0 0 0 0 0 0 0
"india" 0 0 0 0 0 0 2355.24702072144 1100.87883472443 1068.69542598724 1280.03585338593 748.121380805969 0 0 7670.23181915283 42992.4354553223 32352.7984619141 2544.55184936523 0
"eastasia" 0 0 0 -1568.17269325256 -393.982410430908 0 0 144.967183470726 13170.7763671875 -780.933260917664 0 0 189.296200871468 0 0 0 0 0
"seasia" 0 0 0 0 0 0 18.3506608009338 75.845368206501 1.49600789882243 0 0 0 5335.43872833252 -899.549305438995 3183.73441696167 0 0 0
"southasia" 0 0 0 0 0 0 0 296.110689640045 2983.27612876892 3.63914482295513 -1.44826632458717 0 1319.84841823578 8821.00963592529 4374.89986419678 0 0 0
"us" 0 0 0 -15.3461219742894 -4165.602684021 -414.564549922943 54538.8069152832 70607.2998046875 201391.403198242 7029.1543006897 -13611.5627288818 -4401.2622833252 0 0 0 0 0 0
"canada" 0 0 3057.00039863586 114147.689819336 34060.8940124512 0 0 952.832639217377 212012.512207031 389402.893066406 82729.8965454102 0 0 0 0 0 0 0
"mexico" 0 0 0 0 0 0 120.56627124548 451.175600290298 3304.00967597961 -1547.55997657776 -785.188019275665 -523.020923137665 2298.31600189209 4267.40169525146 2698.03977012634 -621.893703937531 -212.148010730743 0
"latinamer" 0 101.732708513737 753.722012042999 944.746196269989 2062.77132034302 120.9721788764 4426.85461044312 3280.44724464417 2902.21071243286 1883.624792099 1078.76801490784 396.499246358871 32953.0982971191 17030.2391052246 7287.82558441162 391.808658838272 273.706644773483 0
"eu27" 0 0 22.7411407977343 30857.5134277344 743.229985237122 0 14143.6462402344 87563.96484375 333605.834960938 42117.6643371582 0 0 0 0 0 0 0 0
"uk" 0 0 -1556.91027641296 -135.381117463112 0 0 -430.270135402679 -5574.18394088745 -9683.41159820557 0 0 0 0 0 0 0 0 0
"russia" 0 0 0 21325.4432678223 4563.85803222656 270.83757519722 0 67.1586021780968 3310.93621253967 11485.053062439 1938.99691104889 0 0 0 0 0 0 0
"efta" 0 0 -411.475449800491 -4267.21096038818 -1065.95194339752 0 0 0 -5196.00772857666 0 0 0 0 0 0 0 0 0
"mena" 0 0 0 5.26663009077311 46.919833868742 0 0 799.563705921173 28144.3538665771 36830.5130004883 3944.85688209534 -5.46296173706651 0 0 0 0 0 0
"ssa" 0 0 0 0 0 0 0 16601.4804840088 8881.2952041626 804.532766342163 22.6023234426975 0 47169.490814209 81650.7263183594 69326.3092041016 6382.68041610718 227.270126342773 0
"restofworld" 0 0 5.24225784465671 176.43640935421 745.950520038605 25.9891673922539 521.856129169464 2524.65271949768 64104.8126220703 13859.6792221069 19.2971676588058 0 0 0 0 0 0 0
