"angdrc" 0 0 0 0 0 0 0 0 2580.0666809082 2218.44124794006 0 0 4991.98818206787 18637.939453125 19874.2542266846 4111.44876480103 0 0
"argentina" 0 0 0 -515.970587730408 -793.126046657562 -608.965933322906 2959.21444892883 0 16166.1624908447 3869.53210830688 -6103.43790054321 -719.053506851196 0 0 0 0 0 0
"bolivia" 0 0 0 0 0 0 9950.55675506592 44587.1047973633 113029.487609863 301932.647705078 0 0 64955.8486938477 779804.992675781 1011276.42822266 499372.772216797 0 0
"brasil" 0 0 0 0 0 0 553860.3515625 0 0 0 0 0 3686312.74414062 3890536.86523438 749257.080078125 0 0 0
"colombia" 0 0 0 0 0 0 205291.641235352 6147.53437042236 0 0 0 0 1159312.62207031 40468.1205749512 4977.02074050903 0 0 0
"ghana" 0 0 0 0 0 0 0 0 0 0 0 0 273459.686279297 50761.5509033203 564.308881759644 0 0 0
"ivorycoast" 0 0 0 0 0 0 0 0 0 0 0 0 689038.024902344 249048.33984375 66519.0734863281 0 0 0
"indonesia" 0 0 0 0 0 0 0 0 0 0 0 0 619883.056640625 4004.77647781372 11290.1544570923 0 0 0
"madagascar" 0 0 0 0 0 0 0 0 0 0 0 0 7676.54752731323 295.499831438065 143.041521310806 0 0 0
"malasya" 0 0 0 0 0 0 0 0 0 0 0 0 194487.609863281 0 0 0 0 0
"mozambique" 0 0 0 0 0 0 0 0 0 0 0 0 0 -3117.85268783569 -7643.06926727295 -2143.8319683075 0 0
"myanmar" 0 0 0 0 0 0 -203.949630260468 -1520.36046981812 0 0 0 0 0 -4250.20742416382 -1494.85468864441 0 0 0
"nigeria" 0 0 0 0 0 0 0 0 0 0 0 0 5661.99398040771 32688.5566711426 2400.30717849731 0 0 0
"paraguay" 0 0 0 0 0 0 102757.530212402 0 0 0 0 0 83696.6400146484 0 0 0 0 0
"peru" 0 0 0 0 0 0 -19881.0901641846 -25361.8545532227 -11872.8122711182 -13662.2123718262 -32682.2319030762 -1895.68650722504 57884.6969604492 5596.45318984985 1780.32898902893 -4695.83511352539 -2365.71526527405 -1437.4030828476
"uruguay" 0 0 0 0 0 0 0 0 0 0 0 0 0 0 0 0 0 0
"venezuela" 0 0 0 0 0 0 0 0 0 0 0 0 9037.01400756836 11165.5197143555 2170.23968696594 0 136.438459157944 0
"newzealand" 0 0 2.58404645137489 0 0 0 1273.55754375458 463.335603475571 0 0 0 0 0 0 0 0 0 0
"oceania" 0 0 0 0 0 0 2420.07637023926 5020.21455764771 3349.91812705994 311.724692583084 0 0 12.2565515339375 844.809055328369 260.097533464432 0 0 0
"china" 0 0 0 -8435.66226959229 0 -173.475816845894 -51816.5855407715 -25430.5896759033 -20229.4178009033 -29377.2983551025 -141.928359866142 -51.1593073606491 -709.138810634613 -2355.43084144592 0 0 0 0
"japan" 0 0 0 48.3850799500942 0 0 806.06085062027 1050.64558982849 1585.37530899048 108.533062040806 0 0 0 0 0 0 0 0
"korea" 0 0 0 0 0 0 0 192.752420902252 46.4538596570492 0 0 0 0 0 0 0 0 0
"india" 0 0 0 0 0 0 5716.98570251465 2694.39053535461 2582.34906196594 3677.48785018921 1835.51216125488 0 0 17354.455947876 104307.182312012 75853.3554077148 6114.96734619141 0
"eastasia" 0 0 0 -3002.86364555359 -824.853479862213 0 0 433.427959680557 35357.9864501953 -1368.27003955841 0 0 803.912162780762 0 0 0 0 0
"seasia" 0 0 0 0 0 0 -942.860126495361 -256.127148866653 -0.737763126380742 0 0 0 -1849.4131565094 -10188.5995864868 -2731.76574707031 0 0 0
"southasia" 0 0 0 0 0 0 0 76.9748613238335 869.296848773956 0.0449888175353408 -2.59603024460375 0 964.332580566406 4219.01798248291 2040.02332687378 0 0 0
"us" 0 0 0 -22.8348448872566 -6286.90671920776 -605.91596364975 32837.9364013672 50708.4617614746 181883.62121582 833.19103717804 -30465.5666351318 -6637.23087310791 0 0 0 0 0 0
"canada" 0 0 2756.56461715698 103365.80657959 30698.8220214844 0 0 826.138734817505 195424.224853516 356472.198486328 71221.3973999023 0 0 0 0 0 0 0
"mexico" 0 0 0 0 0 0 76.3533636927605 270.166635513306 2258.56494903564 -2038.23399543762 -872.437715530396 -515.09952545166 1518.5786485672 2858.97135734558 1578.45056056976 -1359.49718952179 -227.903768420219 0
"latinamer" 0 29.9088750034571 227.114096283913 279.732495546341 602.920889854431 34.7566530108452 1596.1686372757 1208.18889141083 932.335615158081 595.449268817902 320.434540510178 114.385388791561 13677.46925354 6427.62327194214 2746.39391899109 148.073896765709 132.516741752625 0
"eu27" 0 0 20.0166516005993 28086.3666534424 540.369093418121 0 11516.7074203491 79643.2571411133 305046.936035156 38399.658203125 0 0 0 0 0 0 0 0
"uk" 0 0 -630.138158798218 -47.8095002472401 0 0 -28.2736122608185 500.614523887634 1040.70997238159 0 0 0 0 0 0 0 0 0
"russia" 0 0 0 8484.23194885254 1006.2313079834 15.7837700098753 0 23.2658497989178 418.55525970459 2484.91406440735 625.948965549469 0 0 0 0 0 0 0
"efta" 0 0 -13.2905710488558 1.73449330031872 -540.58438539505 0 0 0 -924.551665782928 0 0 0 0 0 0 0 0 0
"mena" 0 0 0 1.47999206092209 21.9295974820852 0 0 489.564955234528 20273.8761901855 22119.2245483398 -675.785899162292 -21.3513169437647 0 0 0 0 0 0
"ssa" 0 0 0 0 0 0 0 40925.464630127 24960.7944488525 3441.23029708862 137.35157251358 0 134842.361450195 219856.353759766 197576.232910156 26006.0329437256 1002.22384929657 0
"restofworld" 0 0 3.53937759064138 89.3684700131416 448.120594024658 10.0948195904493 367.573946714401 1883.46004486084 49555.3665161133 10992.3572540283 11.5766851231456 0 0 0 0 0 0 0
