"angdrc" 0 0 0 0 0 0 0 0 728993.835449219 722437.805175781 0 0 569876.46484375 1761114.99023438 2665720.703125 611059.875488281 0 0
"argentina" 0 0 0 -215.134963393211 -331.038594245911 -254.419326782227 3272.77946472168 0 9809.57698822021 3230.42321205139 -2424.88527297974 -297.704219818115 0 0 0 0 0 0
"bolivia" 0 0 0 0 0 0 9949.9979019165 44569.881439209 112990.829467773 301816.650390625 0 0 64951.8051147461 779670.715332031 1010463.68408203 499215.515136719 0 0
"brasil" 0 0 0 0 0 0 546485.046386719 0 0 0 0 0 3700018.79882812 3910899.65820312 748610.778808594 0 0 0
"colombia" 0 0 0 0 0 0 206207.672119141 6175.65059661865 0 0 0 0 1166652.58789062 41045.108795166 4998.48747253418 0 0 0
"ghana" 0 0 0 0 0 0 0 0 0 0 0 0 273427.459716797 50758.3274841309 564.033150672913 0 0 0
"ivorycoast" 0 0 0 0 0 0 0 0 0 0 0 0 101290.100097656 21334.6786499023 -582.863926887512 0 0 0
"indonesia" 0 0 0 0 0 0 0 0 0 0 0 0 583718.383789062 3096.70639038086 10010.2519989014 0 0 0
"madagascar" 0 0 0 0 0 0 0 0 0 0 0 0 3422.70565032959 90.0334641337395 37.3384021222591 0 0 0
"malasya" 0 0 0 0 0 0 0 0 0 0 0 0 39521.5682983398 0 0 0 0 0
"mozambique" 0 0 0 0 0 0 0 0 0 0 0 0 0 -2160.29167175293 -5375.29516220093 -1500.97250938416 0 0
"myanmar" 0 0 0 0 0 0 -271.781623363495 -2180.37915229797 0 0 0 0 0 -5902.53829956055 -2254.46748733521 0 0 0
"nigeria" 0 0 0 0 0 0 0 0 0 0 0 0 10240.8924102783 62503.5400390625 4222.37777709961 0 0 0
"paraguay" 0 0 0 0 0 0 102097.602844238 0 0 0 0 0 84511.848449707 0 0 0 0 0
"peru" 0 0 0 0 0 0 -20159.2655181885 -25728.4469604492 -12040.340423584 -13856.3690185547 -33155.7083129883 -1921.92053794861 57303.5354614258 5519.81639862061 1627.44522094727 -4873.24905395508 -2400.13766288757 -1458.44924449921
"uruguay" 0 0 0 0 0 0 0 0 0 0 0 0 0 0 0 0 0 0
"venezuela" 0 0 0 0 0 0 0 0 0 0 0 0 8658.58173370361 10683.5193634033 2077.78668403625 0 130.262807011604 0
"newzealand" 0 0 18.6082497239113 0 0 0 1714.98560905457 723.583936691284 0 0 0 0 0 0 0 0 0 0
"oceania" 0 0 0 0 0 0 1806.05459213257 4027.82869338989 2522.72605895996 232.650473713875 0 0 1.72038865275681 367.13719367981 213.323473930359 0 0 0
"china" 0 0 0 -4036.24391555786 0 -109.574191272259 -22980.152130127 -2318.31550598145 -2970.82185745239 -15774.8603820801 -87.9752337932587 -32.5106717646122 -150.272980332375 -1143.00215244293 0 0 0 0
"japan" 0 0 0 -62.1209852397442 0 0 -1026.44073963165 -1407.35292434692 -2092.40627288818 -141.275390982628 0 0 0 0 0 0 0 0
"korea" 0 0 0 0 0 0 0 -656.985640525818 -281.471848487854 0 0 0 0 0 0 0 0 0
"india" 0 0 0 0 0 0 889.387428760529 472.526639699936 525.693595409393 203.434735536575 387.08108663559 0 0 3888.95869255066 18137.5770568848 17103.1684875488 1611.76693439484 0
"eastasia" 0 0 0 -2069.13137435913 -369.281977415085 0 0 -88.9845564961433 -8218.17684173584 -1784.18266773224 0 0 -358.439296483994 0 0 0 0 0
"seasia" 0 0 0 0 0 0 -847.895622253418 -263.676434755325 -1.0955692268908 0 0 0 -4781.60285949707 -8941.97750091553 -3344.56086158752 0 0 0
"southasia" 0 0 0 0 0 0 0 120.536632835865 1302.48022079468 1.14682759158313 -1.41348002944142 0 863.783717155457 4596.67634963989 2229.45976257324 0 0 0
"us" 0 0 0 -11.7638455703855 -3067.98887252808 -331.87073469162 105227.70690918 126898.490905762 310607.879638672 18465.0497436523 3523.78606796265 -3261.30056381226 0 0 0 0 0 0
"canada" 0 0 1969.32792663574 74560.417175293 21847.9499816895 0 0 576.734244823456 132140.121459961 237849.853515625 48759.3574523926 0 0 0 0 0 0 0
"mexico" 0 0 0 0 0 0 85.5351537466049 290.097206830978 1843.13452243805 356.785416603088 -5.21451607346535 -86.2619206309319 1563.13872337341 2501.01804733276 1961.56847476959 1235.48102378845 0.84353145211935 0
"latinamer" 0 174.533680081367 1290.09318351746 1621.06990814209 3545.14312744141 208.228528499603 7474.63464736938 5604.38203811646 4974.40481185913 3223.89245033264 1853.06012630463 682.821094989777 55550.0373840332 29164.4420623779 12606.4682006836 662.253081798553 444.14484500885 0
"eu27" 0 0 6.12028082832694 7631.16073608398 196.071118116379 0 3461.33041381836 25370.2983856201 96465.0497436523 12597.2375869751 0 0 0 0 0 0 0 0
"uk" 0 0 -541.176676750183 -43.3508940041065 0 0 -72.4915415048599 -490.571826696396 -761.111915111542 0 0 0 0 0 0 0 0 0
"russia" 0 0 0 -10311.8152618408 -2609.71808433533 -140.139117836952 0 -37.7018637955189 -2374.78542327881 -6837.77236938477 -809.934854507446 0 0 0 0 0 0 0
"efta" 0 0 -38.034375756979 -301.218748092651 -329.282015562057 0 0 0 -781.316936016083 0 0 0 0 0 0 0 0 0
"mena" 0 0 0 8.50164424628019 69.7850286960602 0 0 1101.49812698364 37242.3667907715 51378.9863586426 7321.76780700684 3.30227729864419 0 0 0 0 0 0
"ssa" 0 0 0 0 0 0 0 3499.44472312927 1139.6050453186 -343.083560466766 -24.084746837616 0 3703.51839065552 13178.0700683594 10382.0114135742 -1954.32949066162 -101.069107651711 0
"restofworld" 0 0 11.0223209485412 543.716311454773 2043.6954498291 92.954620718956 1031.26764297485 5005.47075271606 114568.222045898 26943.3574676514 53.6028556525707 0 0 0 0 0 0 0
