"angdrc" 0 0 0 0 0 0 0 0 638.668954372406 482.01322555542 0 0 2528.080701828 6815.42778015137 4783.18881988525 831.545650959015 0 0
"argentina" 0 0 0 -325.744092464447 -499.985247850418 -386.732518672943 -1350.18920898438 0 11809.0419769287 -470.721364021301 -4517.21429824829 -442.009896039963 0 0 0 0 0 0
"bolivia" 0 0 0 0 0 0 -66.557414829731 -126.85239315033 -353.941917419434 -801.94479227066 0 0 -1211.98499202728 -6837.13150024414 -3867.31886863708 -1501.08563899994 0 0
"brasil" 0 0 0 0 0 0 33395.637512207 0 0 0 0 0 186085.708618164 49907.5622558594 10227.071762085 0 0 0
"colombia" 0 0 0 0 0 0 200083.32824707 5985.91804504395 0 0 0 0 1138609.13085938 38765.1443481445 4859.0612411499 0 0 0
"ghana" 0 0 0 0 0 0 0 0 0 0 0 0 273571.746826172 50785.8352661133 566.939651966095 0 0 0
"ivorycoast" 0 0 0 0 0 0 0 0 0 0 0 0 105322.059631348 18447.7310180664 -1063.29274177551 0 0 0
"indonesia" 0 0 0 0 0 0 0 0 0 0 0 0 40194.8699951172 138.558894395828 -537.678241729736 0 0 0
"madagascar" 0 0 0 0 0 0 0 0 0 0 0 0 29667.70362854 1807.67834186554 975.926101207733 0 0 0
"malasya" 0 0 0 0 0 0 0 0 0 0 0 0 172736.404418945 0 0 0 0 0
"mozambique" 0 0 0 0 0 0 0 0 0 0 0 0 0 20.5190591514111 -483.681052923203 -129.584342241287 0 0
"myanmar" 0 0 0 0 0 0 -83.2685008645058 -638.373553752899 0 0 0 0 0 -1703.06384563446 -708.409667015076 0 0 0
"nigeria" 0 0 0 0 0 0 0 0 0 0 0 0 6856.02140426636 42264.6064758301 2761.27195358276 0 0 0
"paraguay" 0 0 0 0 0 0 5.36397472023964 0 0 0 0 0 -2072.93105125427 0 0 0 0 0
"peru" 0 0 0 0 0 0 -20092.0715332031 -25663.2614135742 -12003.8022994995 -13815.0405883789 -33063.9114379883 -1914.80112075806 56774.8069763184 5448.9541053772 1486.28163337708 -5419.11745071411 -2394.08159255981 -1453.94682884216
"uruguay" 0 0 0 0 0 0 0 0 0 0 0 0 0 0 0 0 0 0
"venezuela" 0 0 0 0 0 0 0 0 0 0 0 0 1082.33654499054 1313.7754201889 258.877485990524 0 15.6041579321027 0
"newzealand" 0 0 -37.0829366147518 0 0 0 -3519.1113948822 -1477.96618938446 0 0 0 0 0 0 0 0 0 0
"oceania" 0 0 0 0 0 0 -374.48251247406 -587.986409664154 -294.454455375671 -30.0999358296394 0 0 -5.38577465340495 -233.557119965553 -33.2030244171619 0 0 0
"china" 0 0 0 -3358.97278785706 0 -82.1608230471611 -20249.8817443848 -5906.26955032349 -5114.5281791687 -12680.8366775513 -66.3929432630539 -24.2789909243584 -210.356935858727 -968.725502490997 0 0 0 0
"japan" 0 0 0 -3.32784838974476 0 0 -42.8289473056793 -78.5837322473526 -116.642758250237 -7.64321908354759 0 0 0 0 0 0 0 0
"korea" 0 0 0 0 0 0 0 99.8638346791267 24.4777612388134 0 0 0 0 0 0 0 0 0
"india" 0 0 0 0 0 0 1689.12398815155 813.69012594223 687.223732471466 836.472690105438 589.260458946228 0 0 6813.79747390747 35154.4342041016 27759.8476409912 2213.1679058075 0
"eastasia" 0 0 0 -2761.02733612061 -597.619354724884 0 0 78.2715007662773 7594.69127655029 -1811.09976768494 0 0 -44.4498732686043 0 0 0 0 0
"seasia" 0 0 0 0 0 0 -1354.42721843719 -462.783694267273 -2.75493203662336 0 0 0 -10427.6161193848 -13303.6518096924 -7421.30756378174 0 0 0
"southasia" 0 0 0 0 0 0 0 165.857434272766 1485.78238487244 1.6387531068176 -1.35605852119625 0 1038.08403015137 5136.03687286377 2416.93687438965 0 0 0
"us" 0 0 0 -11.3235088065267 -3150.72512626648 -295.405626296997 -5807.82318115234 -702.252566814423 52991.1270141602 -2869.99320983887 -18067.0127868652 -3253.52382659912 0 0 0 0 0 0
"canada" 0 0 684.408009052277 26317.6498413086 7822.91316986084 0 0 194.370940327644 47752.1324157715 93949.6765136719 15488.1620407104 0 0 0 0 0 0 0
"mexico" 0 0 0 0 0 0 -26.7769638448954 -135.088965296745 -83.8389843702316 219.227284193039 72.7535411715508 40.8401116728783 -741.242825984955 -1162.93692588806 -383.939445018768 101.814091205597 22.8821933269501 0
"latinamer" 0 -71.827694773674 -516.9837474823 -659.963011741638 -1460.53612232208 -87.2633531689644 -2405.16662597656 -1736.5128993988 -1834.96296405792 -1198.87459278107 -747.258186340332 -283.894419670105 -15013.2703781128 -8652.80628204346 -3789.97159004211 -191.168829798698 -70.7002803683281 0
"eu27" 0 0 -4.6374723315239 -9227.68783569336 -196.879833936691 0 -4399.6753692627 -16619.4381713867 -61608.1161499023 -6490.33737182617 0 0 0 0 0 0 0 0
"uk" 0 0 -248.816549777985 -21.1137682199478 0 0 -60.2300614118576 -700.995743274689 -1207.3347568512 0 0 0 0 0 0 0 0 0
"russia" 0 0 0 26057.7430725098 5751.68323516846 352.63991355896 0 82.651749253273 4253.29399108887 14495.0656890869 2386.85131072998 0 0 0 0 0 0 0
"efta" 0 0 -64.1348659992218 -749.118983745575 -171.028539538383 0 0 0 -964.535355567932 0 0 0 0 0 0 0 0 0
"mena" 0 0 0 4.93983272463083 42.995274066925 0 0 696.327745914459 24439.9566650391 32330.4481506348 3631.87122344971 -3.50416149012744 0 0 0 0 0 0
"ssa" 0 0 0 0 0 0 0 18105.9169769287 10645.302772522 1350.12209415436 51.7098195850849 0 59358.6959838867 96503.8375854492 84614.9597167969 10117.4116134644 393.581122159958 0
"restofworld" 0 0 2.0593237131834 106.973938643932 416.117966175079 18.0282816290855 160.895958542824 966.968834400177 19538.3949279785 5983.98447036743 11.2451389431953 0 0 0 0 0 0 0
