"angdrc" 0 0 0 0 0 0 0 0 729508.7890625 723020.385742188 0 0 570105.407714844 1761366.08886719 2666059.81445312 611115.905761719 0 0
"argentina" 0 0 0 -385.271638631821 -591.37499332428 -456.4368724823 -2360.76140403748 0 11521.4996337891 -1345.71754932404 -5333.36591720581 -526.301145553589 0 0 0 0 0 0
"bolivia" 0 0 0 0 0 0 9949.98359680176 44610.7940673828 113082.748413086 302091.583251953 0 0 64964.5385742188 779960.876464844 1012833.86230469 499589.691162109 0 0
"brasil" 0 0 0 0 0 0 552818.969726562 0 0 0 0 0 3694491.69921875 3903695.3125 750460.205078125 0 0 0
"colombia" 0 0 0 0 0 0 205361.663818359 6149.82557296753 0 0 0 0 1160319.58007812 40544.1703796387 4978.65915298462 0 0 0
"ghana" 0 0 0 0 0 0 0 0 0 0 0 0 273422.241210938 50755.6495666504 563.712120056152 0 0 0
"ivorycoast" 0 0 0 0 0 0 0 0 0 0 0 0 688515.686035156 248896.911621094 66381.1111450195 0 0 0
"indonesia" 0 0 0 0 0 0 0 0 0 0 0 0 619244.140625 3958.14061164856 11214.5576477051 0 0 0
"madagascar" 0 0 0 0 0 0 0 0 0 0 0 0 8014.28031921387 326.387792825699 160.744994878769 0 0 0
"malasya" 0 0 0 0 0 0 0 0 0 0 0 0 191998.596191406 0 0 0 0 0
"mozambique" 0 0 0 0 0 0 0 0 0 0 0 0 0 -2986.83333396912 -7422.95694351196 -2087.83054351807 0 0
"myanmar" 0 0 0 0 0 0 -318.612456321716 -2497.95126914978 0 0 0 0 0 -6816.97511672974 -2547.22499847412 0 0 0
"nigeria" 0 0 0 0 0 0 0 0 0 0 0 0 12681.4708709717 77606.0638427734 5205.18350601196 0 0 0
"paraguay" 0 0 0 0 0 0 102723.693847656 0 0 0 0 0 83756.7672729492 0 0 0 0 0
"peru" 0 0 0 0 0 0 -19935.2912902832 -25428.8501739502 -11904.7517776489 -13698.6980438232 -32768.5279846191 -1900.89464187622 57910.3050231934 5599.73335266113 1786.83042526245 -4663.48218917847 -2372.21312522888 -1441.46013259888
"uruguay" 0 0 0 0 0 0 0 0 0 0 0 0 0 0 0 0 0 0
"venezuela" 0 0 0 0 0 0 0 0 0 0 0 0 8890.21301269531 10967.5302505493 2134.00173187256 0 133.713841438293 0
"newzealand" 0 0 4.12777671590447 0 0 0 1233.31999778748 459.510535001755 0 0 0 0 0 0 0 0 0 0
"oceania" 0 0 0 0 0 0 2878.08656692505 5943.24064254761 4009.23585891724 373.818784952164 0 0 14.8495845496655 1000.91898441315 302.187144756317 0 0 0
"china" 0 0 0 -5489.2840385437 0 -147.104114294052 -31221.9467163086 -3626.97720527649 -4339.53046798706 -21272.2797393799 -118.190884590149 -43.6204932630062 -214.93262052536 -1550.65488815308 0 0 0 0
"japan" 0 0 0 21.0971608757973 0 0 352.210223674774 438.837617635727 681.31297826767 46.7719696462154 0 0 0 0 0 0 0 0
"korea" 0 0 0 0 0 0 0 13.1130265071988 -28.8016758859158 0 0 0 0 0 0 0 0 0
"india" 0 0 0 0 0 0 1370.26882171631 717.084884643555 771.776795387268 487.971246242523 648.731768131256 0 0 6377.22396850586 30138.3514404297 28422.8057861328 2671.05722427368 0
"eastasia" 0 0 0 -3903.15365791321 -813.819885253906 0 0 58.0920279026031 6571.71440124512 -2617.6495552063 0 0 -227.661281824112 0 0 0 0 0
"seasia" 0 0 0 0 0 0 -989.281177520752 -273.097574710846 -0.779106398113072 0 0 0 -2546.06032371521 -10641.4337158203 -2846.79555892944 0 0 0
"southasia" 0 0 0 0 0 0 0 244.55626308918 2362.2887134552 2.72892438806593 -1.97244575247169 0 1310.39011478424 7429.57544326782 3622.70879745483 0 0 0
"us" 0 0 0 -23.2319198548794 -6374.16648864746 -615.640878677368 41106.1325073242 55700.5767822266 184694.778442383 919.933497905731 -30003.2501220703 -6670.47548294067 0 0 0 0 0 0
"canada" 0 0 2922.90449142456 109341.117858887 32498.6228942871 0 0 852.305054664612 203971.51184082 375851.348876953 76847.1603393555 0 0 0 0 0 0 0
"mexico" 0 0 0 0 0 0 79.6395689249039 289.691120386124 2400.06327629089 -1736.70554161072 -776.731848716736 -480.096489191055 1545.67921161652 2996.50478363037 1798.16174507141 -1080.26695251465 -205.152913928032 0
"latinamer" 0 35.5850867927074 267.437875270844 332.713067531586 721.236407756805 41.773833334446 1764.58060741425 1324.06365871429 1069.8025226593 684.427678585052 379.252016544342 137.152045965195 14529.034614563 6940.38772583008 2997.26891517639 158.973067998886 133.021861314774 0
"eu27" 0 0 21.2054047733545 29759.3059539795 605.493605136871 0 12454.2169570923 83232.1243286133 323264.068603516 40612.2436523438 0 0 0 0 0 0 0 0
"uk" 0 0 -585.693061351776 -43.6902493238449 0 0 -10.1298429071903 770.519375801086 1522.71008491516 0 0 0 0 0 0 0 0 0
"russia" 0 0 0 2310.19830703735 -526.560187339783 -41.6064709424973 0 -1.07005354948342 -1043.30229759216 -1841.70377254486 51.9679337739944 0 0 0 0 0 0 0
"efta" 0 0 -9.82140004634857 68.8260272145271 -537.383496761322 0 0 0 -836.378812789917 0 0 0 0 0 0 0 0 0
"mena" 0 0 0 10.184277780354 86.0936492681503 0 0 1456.04360103607 49949.8062133789 67372.2305297852 8326.88426971436 -3.7011003587395 0 0 0 0 0 0
"ssa" 0 0 0 0 0 0 0 9558.82835388184 4387.91513442993 -66.8224990367889 -17.1702168881893 0 19891.8495178223 42056.2858581543 35515.2053833008 263.889938592911 -25.5329087376595 0
"restofworld" 0 0 3.73249500989914 73.1558725237846 383.884638547897 7.10860919207335 342.270731925964 1816.0012960434 48859.3254089355 10726.2144088745 10.3170545771718 0 0 0 0 0 0 0
