"angdrc" 0 0 0 0 0 0 0 0 2399.50132369995 2062.74104118347 0 0 4555.76610565186 17194.3225860596 18480.9494018555 3822.54099845886 0 0
"argentina" 0 0 0 -520.920097827911 -800.706565380096 -614.839315414429 3181.06365203857 0 16646.3565826416 4031.75210952759 -6146.90971374512 -725.397169589996 0 0 0 0 0 0
"bolivia" 0 0 0 0 0 0 9950.89626312256 44598.7205505371 113051.559448242 301989.379882812 0 0 64958.3511352539 779881.652832031 1011768.79882812 499441.253662109 0 0
"brasil" 0 0 0 0 0 0 553045.41015625 0 0 0 0 0 3680580.32226562 3880857.17773438 747688.720703125 0 0 0
"colombia" 0 0 0 0 0 0 205911.636352539 6166.81241989136 0 0 0 0 1161883.05664062 40675.7049560547 4991.05978012085 0 0 0
"ghana" 0 0 0 0 0 0 0 0 0 0 0 0 273401.519775391 50752.311706543 563.376188278198 0 0 0
"ivorycoast" 0 0 0 0 0 0 0 0 0 0 0 0 688544.067382812 248835.983276367 66410.0723266602 0 0 0
"indonesia" 0 0 0 0 0 0 0 0 0 0 0 0 624843.505859375 4070.81031799316 11384.1276168823 0 0 0
"madagascar" 0 0 0 0 0 0 0 0 0 0 0 0 10183.6996078491 456.481218338013 230.871081352234 0 0 0
"malasya" 0 0 0 0 0 0 0 0 0 0 0 0 196458.892822266 0 0 0 0 0
"mozambique" 0 0 0 0 0 0 0 0 0 0 0 0 0 -2469.64812278748 -6320.17278671265 -1769.5072889328 0 0
"myanmar" 0 0 0 0 0 0 -183.180436491966 -1347.731590271 0 0 0 0 0 -3775.41661262512 -1311.88774108887 0 0 0
"nigeria" 0 0 0 0 0 0 0 0 0 0 0 0 6453.13930511475 37322.9713439941 2753.81445884705 0 0 0
"paraguay" 0 0 0 0 0 0 102837.547302246 0 0 0 0 0 83706.0623168945 0 0 0 0 0
"peru" 0 0 0 0 0 0 -19759.3040466309 -25202.3372650146 -11799.4651794434 -13577.6195526123 -32477.9434204102 -1884.22644138336 58073.5473632812 5621.39701843262 1830.24108409882 -4589.79892730713 -2350.61407089233 -1428.58028411865
"uruguay" 0 0 0 0 0 0 0 0 0 0 0 0 0 0 0 0 0 0
"venezuela" 0 0 0 0 0 0 0 0 0 0 0 0 9093.87874603271 11233.4451675415 2183.7522983551 0 137.2150182724 0
"newzealand" 0 0 10.676902718842 0 0 0 2146.70777320862 822.457313537598 0 0 0 0 0 0 0 0 0 0
"oceania" 0 0 0 0 0 0 2856.62508010864 5858.06322097778 3914.94107246399 364.537954330444 0 0 16.0076692700386 1043.21944713593 301.498860120773 0 0 0
"china" 0 0 0 -7443.4666633606 0 -160.327464342117 -45825.6797790527 -20502.6435852051 -16431.2572479248 -26506.9999694824 -130.616173148155 -47.3194047808647 -595.982789993286 -2109.36975479126 0 0 0 0
"japan" 0 0 0 62.0980933308601 0 0 1031.51798248291 1351.21500492096 2035.20679473877 139.319777488708 0 0 0 0 0 0 0 0
"korea" 0 0 0 0 0 0 0 250.702887773514 70.7907155156136 0 0 0 0 0 0 0 0 0
"india" 0 0 0 0 0 0 6195.54042816162 2930.1176071167 2792.76204109192 4069.69213485718 1957.80396461487 0 0 18496.0670471191 112909.721374512 80759.9639892578 6434.83400344849 0
"eastasia" 0 0 0 -2830.11031150818 -800.269842147827 0 0 451.466977596283 36818.2067871094 -1211.96126937866 0 0 861.460447311401 0 0 0 0 0
"seasia" 0 0 0 0 0 0 -746.268808841705 -186.773836612701 -0.268443895038217 0 0 0 325.826525688171 -8320.24669647217 -1504.61661815643 0 0 0
"southasia" 0 0 0 0 0 0 0 120.897568762302 1270.74289321899 0.662741367705166 -2.54187267273664 0 1193.19713115692 5224.86734390259 2528.7127494812 0 0 0
"us" 0 0 0 -22.0015291124582 -6048.85959625244 -585.733413696289 41787.3077392578 59405.5633544922 195557.067871094 2437.4794960022 -27818.4986114502 -6369.05288696289 0 0 0 0 0 0
"canada" 0 0 2938.65299224854 109993.621826172 32667.3774719238 0 0 890.226364135742 208113.693237305 378884.857177734 76759.0942382812 0 0 0 0 0 0 0
"mexico" 0 0 0 0 0 0 94.6828722953796 343.495279550552 2724.49493408203 -1824.47516918182 -837.688863277435 -519.30832862854 1832.63206481934 3463.61017227173 2108.17265510559 -1032.04131126404 -221.579417586327 0
"latinamer" 0 44.3397425115108 333.267420530319 413.252323865891 895.407736301422 52.0084723830223 2183.17818641663 1641.21913909912 1333.04798603058 856.817245483398 472.812056541443 170.842379331589 17834.0225219727 8664.06726837158 3701.09152793884 199.329078197479 164.45180773735 0
"eu27" 0 0 24.6225483715534 34251.9607543945 706.499993801117 0 14615.550994873 97126.3961791992 371654.113769531 46713.5620117188 0 0 0 0 0 0 0 0
"uk" 0 0 -553.36457490921 -40.409442037344 0 0 8.9481184259057 1080.73472976685 2072.37672805786 0 0 0 0 0 0 0 0 0
"russia" 0 0 0 13296.012878418 2294.7883605957 99.5217859745026 0 40.2114652097225 1483.95979404449 5835.96849441528 1125.62823295593 0 0 0 0 0 0 0
"efta" 0 0 5.68653922528028 241.241842508316 -544.130742549896 0 0 0 -709.68222618103 0 0 0 0 0 0 0 0 0
"mena" 0 0 0 3.10098449699581 33.065315335989 0 0 633.424758911133 24518.1407928467 28899.1241455078 1191.13671779633 -15.4543528333306 0 0 0 0 0 0
"ssa" 0 0 0 0 0 0 0 10343.0299758911 4713.69647979736 -66.7355358600616 -17.8992487490177 0 21739.7079467773 46344.1390991211 38111.8469238281 201.715439558029 -24.2248307913542 0
"restofworld" 0 0 3.92948510125279 106.505766510963 517.541646957397 12.8934374079108 413.933843374252 2089.64824676514 54758.846282959 12060.9540939331 13.326152227819 0 0 0 0 0 0 0
