"angdrc" 0 0 0 0 0 0 0 0 729541.50390625 723048.400878906 0 0 570176.574707031 1761469.84863281 2665514.16015625 611046.447753906 0 0
"argentina" 0 0 0 -394.034296274185 -604.853987693787 -466.741144657135 -2586.41600608826 0 11316.5693283081 -1539.49403762817 -5454.20742034912 -538.761854171753 0 0 0 0 0 0
"bolivia" 0 0 0 0 0 0 -160.306319594383 -335.736215114594 -904.654741287231 -2033.55073928833 0 0 -3030.61580657959 -16147.8729248047 -9866.53709411621 -3984.62510108948 0 0
"brasil" 0 0 0 0 0 0 552788.879394531 0 0 0 0 0 3693933.10546875 3902769.53125 750331.54296875 0 0 0
"colombia" 0 0 0 0 0 0 205750.183105469 6161.83614730835 0 0 0 0 1161557.12890625 40636.8980407715 4987.44773864746 0 0 0
"ghana" 0 0 0 0 0 0 0 0 0 0 0 0 273432.403564453 50756.950378418 563.838005065918 0 0 0
"ivorycoast" 0 0 0 0 0 0 0 0 0 0 0 0 688752.807617188 248993.347167969 66453.8345336914 0 0 0
"indonesia" 0 0 0 0 0 0 0 0 0 0 0 0 620741.271972656 3981.82272911072 11257.5950622559 0 0 0
"madagascar" 0 0 0 0 0 0 0 0 0 0 0 0 60300.8689880371 3672.06168174744 1974.06554222107 0 0 0
"malasya" 0 0 0 0 0 0 0 0 0 0 0 0 195394.760131836 0 0 0 0 0
"mozambique" 0 0 0 0 0 0 0 0 0 0 0 0 0 2751.79481506348 4363.2640838623 1256.50978088379 0 0
"myanmar" 0 0 0 0 0 0 -246.596366167068 -1847.94926643372 0 0 0 0 0 -5192.44146347046 -1870.49651145935 0 0 0
"nigeria" 0 0 0 0 0 0 0 0 0 0 0 0 5814.26048278809 33773.265838623 2459.21039581299 0 0 0
"paraguay" 0 0 0 0 0 0 102673.74420166 0 0 0 0 0 83810.8062744141 0 0 0 0 0
"peru" 0 0 0 0 0 0 -20075.6130218506 -25606.5444946289 -11988.1734848022 -13794.3096160889 -32996.7956542969 -1914.27958011627 57844.1162109375 5591.08591079712 1769.56927776337 -4652.5731086731 -2388.8418674469 -1452.58617401123
"uruguay" 0 0 0 0 0 0 0 0 0 0 0 0 0 0 0 0 0 0
"venezuela" 0 0 0 0 0 0 0 0 0 0 0 0 8972.75543212891 11082.0245742798 2154.71768379211 0 135.358899831772 0
"newzealand" 0 0 0.243680260609835 0 0 0 1114.57788944244 392.180144786835 0 0 0 0 0 0 0 0 0 0
"oceania" 0 0 0 0 0 0 2736.58394813538 5589.55478668213 3779.4361114502 352.282911539078 0 0 15.7728344202042 1011.80422306061 284.872949123383 0 0 0
"china" 0 0 0 -9272.49050140381 0 -186.983719468117 -56261.4479064941 -27892.9977416992 -22248.4836578369 -31833.2939147949 -153.533428907394 -55.0704449415207 -774.373769760132 -2553.21049690247 0 0 0 0
"japan" 0 0 0 57.6139651238918 0 0 952.828824520111 1248.45051765442 1886.34216785431 129.22215461731 0 0 0 0 0 0 0 0
"korea" 0 0 0 0 0 0 0 251.662075519562 69.5785954594612 0 0 0 0 0 0 0 0 0
"india" 0 0 0 0 0 0 1226.11558437347 639.179646968842 680.851459503174 411.754965782166 605.170071125031 0 0 6048.06661605835 27693.7389373779 26614.5172119141 2462.58187294006 0
"eastasia" 0 0 0 -3991.95313453674 -848.491489887238 0 0 100.920654833317 9630.33962249756 -2600.02064704895 0 0 -128.154024481773 0 0 0 0 0
"seasia" 0 0 0 0 0 0 -897.070050239563 -232.328116893768 -0.515564694069326 0 0 0 -1324.56266880035 -9940.21701812744 -2223.45948219299 0 0 0
"southasia" 0 0 0 0 0 0 0 237.681716680527 2350.24380683899 2.58196610957384 -2.14673206210136 0 1197.89946079254 7447.37482070923 3678.13634872437 0 0 0
"us" 0 0 0 -23.6606150865555 -6495.30363082886 -627.538442611694 38740.2458190918 53890.8615112305 180444.961547852 768.939793109894 -30949.1939544678 -6830.57546615601 0 0 0 0 0 0
"canada" 0 0 2807.08312988281 105468.475341797 31423.1414794922 0 0 830.968022346497 195366.439819336 364262.237548828 74080.1544189453 0 0 0 0 0 0 0
"mexico" 0 0 0 0 0 0 81.2806785106659 291.931629180908 2384.97138023376 -2197.94297218323 -929.670333862305 -551.947832107544 1627.32076644897 3036.21220588684 1601.13847255707 -1505.25724887848 -244.087278842926 0
"latinamer" 0 34.8788648843765 263.871490955353 326.411724090576 705.041348934174 40.687832981348 1799.03638362885 1364.87233638763 1074.66948032379 687.990248203278 373.111695051193 133.810237050056 15072.3476409912 7235.8193397522 3116.36900901794 166.319757699966 143.847316503525 0
"eu27" 0 0 21.5498823672533 30912.1875762939 569.453239440918 0 12539.5269393921 86281.7993164062 335073.883056641 41492.3896789551 0 0 0 0 0 0 0 0
"uk" 0 0 -688.258945941925 -52.3668900132179 0 0 -33.1620052456856 495.442301034927 1049.21519756317 0 0 0 0 0 0 0 0 0
"russia" 0 0 0 9866.3272857666 958.890378475189 13.5717252269387 0 24.4860574603081 207.85865187645 2092.72885322571 604.232430458069 0 0 0 0 0 0 0
"efta" 0 0 -16.2310134619474 -4.74946387112141 -585.376739501953 0 0 0 -994.296729564667 0 0 0 0 0 0 0 0 0
"mena" 0 0 0 2.00404366478324 26.560615748167 0 0 583.981156349182 23181.7264556885 26226.9115447998 -202.82045006752 -21.8831542879343 0 0 0 0 0 0
"ssa" 0 0 0 0 0 0 0 44940.2923583984 27505.8784484863 3851.92728042603 154.544427990913 0 148250.854492188 242162.780761719 217416.290283203 29146.0189819336 1120.9511756897 0
"restofworld" 0 0 3.88611247763038 83.0327272415161 438.246250152588 8.51193908601999 395.697504281998 1978.30057144165 54000.1945495605 11553.5736083984 11.3385412842035 0 0 0 0 0 0 0
