"angdrc" 0 0 0 0 0 0 0 0 702.868342399597 629.585027694702 0 0 924.257278442383 4307.72590637207 5458.70447158813 1189.25344944 0 0
"argentina" 0 0 0 28.6432951688766 44.1083498299122 33.7592363357544 456.778049468994 0 188.514441251755 405.348986387253 385.803699493408 41.0485342144966 0 0 0 0 0 0
"bolivia" 0 0 0 0 0 0 -16.8225318193436 -21.818570792675 -76.0602205991745 -174.464792013168 0 0 -273.029983043671 -1923.21395874023 -1027.32491493225 -337.389826774597 0 0
"brasil" 0 0 0 0 0 0 9499.56226348877 0 0 0 0 0 53308.7692260742 16916.597366333 3095.78943252563 0 0 0
"colombia" 0 0 0 0 0 0 36.9968898594379 3.42539767734706 0 0 0 0 2344.66695785522 30.5165331810713 0.08377805352211 0 0 0
"ghana" 0 0 0 0 0 0 0 0 0 0 0 0 27310.0433349609 27867.7749633789 308.734059333801 0 0 0
"ivorycoast" 0 0 0 0 0 0 0 0 0 0 0 0 283438.659667969 99393.4860229492 2788.34438323975 0 0 0
"indonesia" 0 0 0 0 0 0 0 0 0 0 0 0 -136.014580726624 5.7570249773562 -16.8260782957077 0 0 0
"madagascar" 0 0 0 0 0 0 0 0 0 0 0 0 24813.4841918945 1602.20742225647 874.661207199097 0 0 0
"malasya" 0 0 0 0 0 0 0 0 0 0 0 0 439.666956663132 0 0 0 0 0
"mozambique" 0 0 0 0 0 0 0 0 0 0 0 0 0 2827.12173461914 6022.3822593689 1738.07060718536 0 0
"myanmar" 0 0 0 0 0 0 88.458426296711 757.806062698364 0 0 0 0 0 2117.00820922852 890.564978122711 0 0 0
"nigeria" 0 0 0 0 0 0 0 0 0 0 0 0 4145.27654647827 26843.4467315674 1652.3255109787 0 0 0
"paraguay" 0 0 0 0 0 0 89.7668600082397 0 0 0 0 0 -261.178195476532 0 0 0 0 0
"peru" 0 0 0 0 0 0 2350.86035728455 3100.48723220825 1420.22562026978 1644.24014091492 4005.66959381104 222.968712449074 6780.50661087036 754.566192626953 599.186778068542 524.404466152191 284.957826137543 173.721835017204
"uruguay" 0 0 0 0 0 0 0 0 0 0 0 0 0 0 0 0 0 0
"venezuela" 0 0 0 0 0 0 0 0 0 0 0 0 133.544906973839 152.898341417313 31.0211665928364 0 1.59623264335096 0
"newzealand" 0 0 -16.3633059710264 0 0 0 -2450.71172714233 -968.290150165558 0 0 0 0 0 0 0 0 0 0
"oceania" 0 0 0 0 0 0 -1247.23899364471 -2128.05461883545 -1530.79986572266 -142.203122377396 0 0 -15.6206488609314 -738.227188587189 -100.898236036301 0 0 0
"china" 0 0 0 -1051.7897605896 0 -0.00382843427360058 -7239.45093154907 -10487.4429702759 -7749.60374832153 -2170.83334922791 -1.25536392442882 0.0772078055888414 -218.071460723877 -246.305584907532 0 0 0 0
"japan" 0 0 0 -98.3326286077499 0 0 -1638.11635971069 -2188.47298622131 -3292.40083694458 -222.550451755524 0 0 0 0 0 0 0 0
"korea" 0 0 0 0 0 0 0 -581.468462944031 -229.741811752319 0 0 0 0 0 0 0 0 0
"india" 0 0 0 0 0 0 1185.24694442749 583.740293979645 511.866092681885 668.277859687805 275.240778923035 0 0 3143.95642280579 21002.2602081299 13411.3206863403 1088.54472637177 0
"eastasia" 0 0 0 659.282207489014 28.0590690672398 0 0 195.214152336121 15052.0353317261 768.637418746948 0 0 577.927589416504 0 0 0 0 0
"seasia" 0 0 0 0 0 0 1653.60832214355 641.775965690613 4.22332854941487 0 0 0 18384.6836090088 15096.19140625 10913.4368896484 0 0 0
"southasia" 0 0 0 0 0 0 0 82.5389474630356 853.836536407471 1.1122387368232 0.143806741107255 0 411.053776741028 2714.3383026123 1258.60178470612 0 0 0
"us" 0 0 0 1.8093038816005 459.690988063812 56.5911382436752 -33508.2321166992 -36048.6068725586 -68508.9721679688 -5190.84930419922 -2327.71873474121 538.972735404968 0 0 0 0 0 0
"canada" 0 0 -1016.91603660583 -39814.3997192383 -12155.0521850586 0 0 -354.917913675308 -72597.1527099609 -128875.65612793 -24047.2774505615 0 0 0 0 0 0 0
"mexico" 0 0 0 0 0 0 -116.121001541615 -448.431640863419 -2816.82419776917 650.543212890625 439.430207014084 332.784712314606 -2235.90517044067 -4013.86547088623 -2487.04028129578 -178.673461079597 124.138690531254 0
"latinamer" 0 132.366195321083 979.2320728302 1223.1183052063 2671.48876190186 157.503753900528 5638.87882232666 4278.0818939209 3787.67037391663 2459.83648300171 1404.82866764069 516.585886478424 42152.5993347168 22469.8791503906 9726.96685791016 511.201977729797 338.982284069061 0
"eu27" 0 0 -19.0246626734734 -28909.6736907959 -529.543697834015 0 -11223.7186431885 -66677.3681640625 -261678.131103516 -30570.2743530273 0 0 0 0 0 0 0 0
"uk" 0 0 -24.4253799319267 -6.68803323060274 0 0 -98.2127264142036 -1738.43502998352 -3117.8514957428 0 0 0 0 0 0 0 0 0
"russia" 0 0 0 30118.766784668 9473.13594818115 633.711099624634 0 114.006221294403 8219.96593475342 25112.9684448242 3683.39204788208 0 0 0 0 0 0 0
"efta" 0 0 -74.7920870780945 -932.242751121521 140.806958079338 0 0 0 -542.698681354523 0 0 0 0 0 0 0 0 0
"mena" 0 0 0 4.21060901135206 29.5037776231766 0 0 352.883219718933 10093.412399292 16845.4418182373 4514.74189758301 13.9255346730351 0 0 0 0 0 0
"ssa" 0 0 0 0 0 0 0 13908.9736938477 9312.37983703613 1625.46515464783 73.1152147054672 0 54268.6309814453 80574.4857788086 74565.8111572266 11714.864730835 478.776156902313 0
"restofworld" 0 0 7.04834889620543 473.442554473877 1647.89140224457 86.5514129400253 619.177937507629 3069.83971595764 57323.5931396484 15753.8375854492 43.3701425790787 0 0 0 0 0 0 0
