"angdrc" 0 0 0 0 0 0 0 0 762.58659362793 679.707288742065 0 0 1081.31015300751 4802.86645889282 5914.74151611328 1280.89570999146 0 0
"argentina" 0 0 0 28.6318026483059 44.0963320434093 33.738449215889 496.181160211563 0 243.728399276733 413.082003593445 387.078046798706 41.1484688520432 0 0 0 0 0 0
"bolivia" 0 0 0 0 0 0 -12.7243138849735 -13.0409561097622 -53.4556619822979 -123.424053192139 0 0 -196.226090192795 -1531.33606910706 -814.502537250519 -248.993933200836 0 0
"brasil" 0 0 0 0 0 0 9790.69519042969 0 0 0 0 0 55431.1485290527 18406.7344665527 3369.33135986328 0 0 0
"colombia" 0 0 0 0 0 0 -227.371051907539 -4.73371893167496 0 0 0 0 -123.973578214645 -78.6299630999565 -6.41788961365819 0 0 0
"ghana" 0 0 0 0 0 0 0 0 0 0 0 0 27391.2620544434 27941.0820007324 309.389054775238 0 0 0
"ivorycoast" 0 0 0 0 0 0 0 0 0 0 0 0 70760.0479125977 12579.0767669678 -580.573081970215 0 0 0
"indonesia" 0 0 0 0 0 0 0 0 0 0 0 0 1154.33955192566 23.9025577902794 -22.501403465867 0 0 0
"madagascar" 0 0 0 0 0 0 0 0 0 0 0 0 26699.9912261963 1719.45786476135 938.084900379181 0 0 0
"malasya" 0 0 0 0 0 0 0 0 0 0 0 0 949.410736560822 0 0 0 0 0
"mozambique" 0 0 0 0 0 0 0 0 0 0 0 0 0 3034.16585922241 6436.33270263672 1852.45430469513 0 0
"myanmar" 0 0 0 0 0 0 139.789670705795 1168.16222667694 0 0 0 0 0 3269.51742172241 1338.96040916443 0 0 0
"nigeria" 0 0 0 0 0 0 0 0 0 0 0 0 4256.80780410767 27514.0838623047 1674.7133731842 0 0 0
"paraguay" 0 0 0 0 0 0 98.7433865666389 0 0 0 0 0 -229.152739048004 0 0 0 0 0
"peru" 0 0 0 0 0 0 2631.03866577148 3469.9330329895 1589.99240398407 1839.20526504517 4475.43716430664 249.411880970001 7554.74853515625 857.542097568512 674.56191778183 590.672433376312 317.776262760162 194.20114159584
"uruguay" 0 0 0 0 0 0 0 0 0 0 0 0 0 0 0 0 0 0
"venezuela" 0 0 0 0 0 0 0 0 0 0 0 0 176.908299326897 205.950319766998 41.3173884153366 0 2.23805708810687 0
"newzealand" 0 0 -14.5621513947845 0 0 0 -2239.97592926025 -882.442355155945 0 0 0 0 0 0 0 0 0 0
"oceania" 0 0 0 0 0 0 -1101.48739814758 -1871.09124660492 -1361.83524131775 -126.423418521881 0 0 -14.0448845922947 -660.325169563293 -88.4257555007935 0 0 0
"china" 0 0 0 -671.08541727066 0 4.83530201017857 -4851.22966766357 -8454.39624786377 -6195.58525085449 -1067.58880615234 2.91112367995083 1.47679122164845 -169.338777661324 -148.791462182999 0 0 0 0
"japan" 0 0 0 -94.7232246398926 0 0 -1577.75664329529 -2107.49197006226 -3170.30620574951 -214.359626173973 0 0 0 0 0 0 0 0
"korea" 0 0 0 0 0 0 0 -563.888549804688 -222.285151481628 0 0 0 0 0 0 0 0 0
"india" 0 0 0 0 0 0 1518.83506774902 729.278922080994 629.534900188446 908.687353134155 343.362003564835 0 0 4040.95411300659 26915.8554077148 16822.2045898438 1275.68006515503 0
"eastasia" 0 0 0 711.937546730042 34.2157445847988 0 0 205.681532621384 15825.629234314 827.802062034607 0 0 606.279373168945 0 0 0 0 0
"seasia" 0 0 0 0 0 0 1812.42990493774 697.38245010376 4.57905838266015 0 0 0 20097.2213745117 16494.6804046631 11848.8483428955 0 0 0
"southasia" 0 0 0 0 0 0 0 108.932413160801 1092.99659729004 1.42412283457816 0.112560257548466 0 557.736814022064 3404.59728240967 1594.42687034607 0 0 0
"us" 0 0 0 2.02823686413467 520.54899930954 61.9568042457104 -31799.4518280029 -34786.1404418945 -66204.0710449219 -4853.13606262207 -1712.83555030823 613.056778907776 0 0 0 0 0 0
"canada" 0 0 -976.233959197998 -38192.626953125 -11638.1578445435 0 0 -321.226358413696 -69866.0507202148 -123828.109741211 -22856.5654754639 0 0 0 0 0 0 0
"mexico" 0 0 0 0 0 0 -114.982411265373 -444.667041301727 -2753.42583656311 862.739682197571 505.014181137085 361.606240272522 -2247.25151062012 -4010.05697250366 -2373.8968372345 34.8802804946899 140.470370650291 0
"latinamer" 0 132.949307560921 983.325004577637 1228.3923625946 2683.30955505371 158.228158950806 5653.63597869873 4293.07842254639 3802.51359939575 2468.85871887207 1410.83073616028 518.937408924103 42299.6597290039 22555.9310913086 9771.58164978027 512.535095214844 339.195132255554 0
"eu27" 0 0 -19.0903134644032 -29392.6830291748 -523.505330085754 0 -11308.3438873291 -67174.7589111328 -263670.104980469 -30685.2931976318 0 0 0 0 0 0 0 0
"uk" 0 0 -20.9361724555492 -6.46761897951365 0 0 -98.9148765802383 -1754.33301925659 -3146.71635627747 0 0 0 0 0 0 0 0 0
"russia" 0 0 0 30789.478302002 9678.16734313965 643.253028392792 0 116.636924445629 8421.21315002441 25693.5253143311 3761.98029518127 0 0 0 0 0 0 0
"efta" 0 0 -73.4393522143364 -919.23326253891 149.913102388382 0 0 0 -516.043245792389 0 0 0 0 0 0 0 0 0
"mena" 0 0 0 4.51522693037987 31.7060574889183 0 0 381.996870040894 10980.8435440063 18278.7647247314 4838.27877044678 14.7651974111795 0 0 0 0 0 0
"ssa" 0 0 0 0 0 0 0 15174.1580963135 10167.3879623413 1783.83588790894 80.2786573767662 0 59194.580078125 87916.9082641602 81387.6113891602 12883.6917877197 525.02852678299 0
"restofworld" 0 0 7.2092330083251 486.330151557922 1692.5665140152 88.9108031988144 636.247992515564 3154.48355674744 58842.3843383789 16163.5475158691 44.5312187075615 0 0 0 0 0 0 0
