"angdrc" 0 0 0 0 0 0 0 0 -9.62150096893311 5.01445773988962 0 0 -315.203726291656 -557.487368583679 -37.0122492313385 23.4716851264238 0 0
"argentina" 0 0 0 38.5097414255142 59.2590533196926 45.6231385469437 197.512000799179 0 -321.128696203232 239.218413829803 460.543304681778 52.5055192410946 0 0 0 0 0 0
"bolivia" 0 0 0 0 0 0 3.13193188048899 9.32883936911821 22.6328745484352 51.6724213957787 0 0 69.1653415560722 288.090914487839 244.837209582329 115.234717726707 0 0
"brasil" 0 0 0 0 0 0 -7127.40802764893 0 0 0 0 0 -44651.6571044922 -7984.82608795166 -1811.49256229401 0 0 0
"colombia" 0 0 0 0 0 0 264.506995677948 9.53537970781326 0 0 0 0 3869.05026435852 117.732249200344 5.86733594536781 0 0 0
"ghana" 0 0 0 0 0 0 0 0 0 0 0 0 26834.4650268555 27330.1544189453 301.925599575043 0 0 0
"ivorycoast" 0 0 0 0 0 0 0 0 0 0 0 0 282249.664306641 98754.2114257812 2755.70750236511 0 0 0
"indonesia" 0 0 0 0 0 0 0 0 0 0 0 0 -3715.27814865112 -34.2204906046391 46.4394688606262 0 0 0
"madagascar" 0 0 0 0 0 0 0 0 0 0 0 0 3173.01893234253 209.924787282944 115.300044417381 0 0 0
"malasya" 0 0 0 0 0 0 0 0 0 0 0 0 -1968.45507621765 0 0 0 0 0
"mozambique" 0 0 0 0 0 0 0 0 0 0 0 0 0 168.163001537323 414.535343647003 120.814882218838 0 0
"myanmar" 0 0 0 0 0 0 -15.8463958650827 -134.729847311974 0 0 0 0 0 -371.235251426697 -112.357586622238 0 0 0
"nigeria" 0 0 0 0 0 0 0 0 0 0 0 0 1084.52820777893 7187.68215179443 441.23101234436 0 0 0
"paraguay" 0 0 0 0 0 0 -43.8679046928883 0 0 0 0 0 -107.953764498234 0 0 0 0 0
"peru" 0 0 0 0 0 0 1833.38451385498 2414.02626037598 1108.24370384216 1281.94916248322 3111.79423332214 173.672512173653 5057.23857879639 600.166201591492 472.042709589005 413.089215755463 222.874402999878 135.352939367294
"uruguay" 0 0 0 0 0 0 0 0 0 0 0 0 0 0 0 0 0 0
"venezuela" 0 0 0 0 0 0 0 0 0 0 0 0 -201.089322566986 -246.077299118042 -48.0511784553528 0 -2.97018582932651 0
"newzealand" 0 0 -9.19017754495144 0 0 0 -763.984680175781 -328.241169452667 0 0 0 0 0 0 0 0 0 0
"oceania" 0 0 0 0 0 0 -160.693943500519 -344.208359718323 -180.968284606934 -19.4761417806149 0 0 -0.221424488699995 -28.9083402603865 -17.9838445037603 0 0 0
"china" 0 0 0 -491.763412952423 0 -5.92670915648341 -2869.88759040833 -2479.96878623962 -1896.22044563293 -1361.7217540741 -5.22008072584867 -1.71755696646869 -56.2439896166325 -118.335887789726 0 0 0 0
"japan" 0 0 0 -14.0603259205818 0 0 -227.334678173065 -309.332221746445 -466.892510652542 -31.7871533334255 0 0 0 0 0 0 0 0
"korea" 0 0 0 0 0 0 0 -40.484294295311 -15.5464932322502 0 0 0 0 0 0 0 0 0
"india" 0 0 0 0 0 0 -98.7696871161461 -40.1401594281197 -48.3763590455055 -108.474746346474 -36.9234010577202 0 0 -261.184185743332 -1778.10800075531 -1259.22131538391 -85.1823687553406 0
"eastasia" 0 0 0 25.7124975323677 11.0832918435335 0 0 -5.34066837280989 -646.623015403748 14.0580832958221 0 0 -15.2764655649662 0 0 0 0 0
"seasia" 0 0 0 0 0 0 12.7378236502409 4.62977821007371 0.141531898407266 0 0 0 -185.104429721832 155.294924974442 343.261122703552 0 0 0
"southasia" 0 0 0 0 0 0 0 -5.16552105545998 -13.6426957324147 0.00813139195088297 0.124690719530918 0 -53.4206368029118 -32.4427969753742 -24.2072902619839 0 0 0
"us" 0 0 0 1.1222556931898 302.175104618073 29.3249152600765 -3579.41699028015 -2923.42257499695 1148.58281612396 537.298023700714 1845.04365921021 326.37232542038 0 0 0 0 0 0
"canada" 0 0 6.41616387292743 118.561089038849 31.4927250146866 0 0 -7.37072573974729 -651.983499526978 520.47598361969 253.033250570297 0 0 0 0 0 0 0
"mexico" 0 0 0 0 0 0 -13.9517365023494 -56.8839833140373 -316.177487373352 49.6150404214859 42.9239980876446 34.1806858778 -280.95555305481 -490.5104637146 -296.277493238449 -33.5587337613106 12.4573465436697 0
"latinamer" 0 3.21983871981502 24.7502066195011 29.6456795185804 63.2980540394783 3.67969693616033 168.80401968956 125.005692243576 101.547494530678 67.2687515616417 34.6818007528782 12.1596390381455 1272.20523357391 667.748928070068 269.969522953033 16.8740898370743 14.0703590586782 0
"eu27" 0 0 -8.63526947796345 -14106.2202453613 -183.621048927307 0 -4954.88357543945 -30814.4950866699 -122855.758666992 -14077.3239135742 0 0 0 0 0 0 0 0
"uk" 0 0 -1075.24144649506 -101.84133797884 0 0 -457.037657499313 -6699.61214065552 -11774.7440338135 0 0 0 0 0 0 0 0 0
"russia" 0 0 0 316.857486963272 358.365058898926 23.0723097920418 0 2.81782634556293 400.853663682938 1068.29488277435 137.377679347992 0 0 0 0 0 0 0
"efta" 0 0 -8.56933556497097 -119.378104805946 115.517005324364 0 0 0 111.238390207291 0 0 0 0 0 0 0 0 0
"mena" 0 0 0 0.500913592986763 2.66276672482491 0 0 15.6652610749006 71.120597422123 786.489486694336 649.4060754776 3.35976248607039 0 0 0 0 0 0
"ssa" 0 0 0 0 0 0 0 1724.88641738892 1067.63935089111 187.308609485626 8.41557048261166 0 6798.94733428955 9647.39418029785 8145.62702178955 1305.29940128326 55.0937056541443 0
"restofworld" 0 0 1.58645526971668 121.206060051918 411.382228136063 22.5331969559193 131.072536110878 682.714819908142 10979.642868042 3483.44326019287 10.9010953456163 0 0 0 0 0 0 0
