"angdrc" 0 0 0 0 0 0 0 0 654.826104640961 581.61473274231 0 0 1004.74464893341 4246.84047698975 5074.35512542725 1094.26546096802 0 0
"argentina" 0 0 0 50.8182868361473 78.3107653260231 59.9711202085018 585.502743721008 0 -143.248826265335 350.418269634247 660.838663578033 72.0089375972748 0 0 0 0 0 0
"bolivia" 0 0 0 0 0 0 1.31576089188457 11.6259418427944 19.9668928980827 35.5244129896164 0 0 52.3078069090843 -10.7409581542015 107.167065143585 80.9719562530518 0 0
"brasil" 0 0 0 0 0 0 766.457200050354 0 0 0 0 0 3873.4405040741 6761.97910308838 819.527745246887 0 0 0
"colombia" 0 0 0 0 0 0 -173.202201724052 -3.68202337995172 0 0 0 0 -235.2205067873 -60.3578574955463 -4.79799741879106 0 0 0
"ghana" 0 0 0 0 0 0 0 0 0 0 0 0 27218.3723449707 27781.9843292236 307.927370071411 0 0 0
"ivorycoast" 0 0 0 0 0 0 0 0 0 0 0 0 41714.0502929688 6357.92589187622 -477.575451135635 0 0 0
"indonesia" 0 0 0 0 0 0 0 0 0 0 0 0 2888.66996765137 88.4602069854736 162.225067615509 0 0 0
"madagascar" 0 0 0 0 0 0 0 0 0 0 0 0 20152.8034210205 1303.69710922241 712.266266345978 0 0 0
"malasya" 0 0 0 0 0 0 0 0 0 0 0 0 -339.05416727066 0 0 0 0 0
"mozambique" 0 0 0 0 0 0 0 0 0 0 0 0 0 1963.5112285614 4165.76623916626 1197.02506065369 0 0
"myanmar" 0 0 0 0 0 0 109.807774424553 883.870899677277 0 0 0 0 0 2506.93225860596 1011.00969314575 0 0 0
"nigeria" 0 0 0 0 0 0 0 0 0 0 0 0 3279.08396720886 21387.1459960938 1285.80498695374 0 0 0
"paraguay" 0 0 0 0 0 0 93.3076813817024 0 0 0 0 0 -67.9226517677307 0 0 0 0 0
"peru" 0 0 0 0 0 0 1574.90527629852 2069.36645507812 951.017022132874 1098.44505786896 2663.1441116333 149.272263050079 4299.82089996338 510.478675365448 404.984325170517 354.511052370071 189.094826579094 115.946911275387
"uruguay" 0 0 0 0 0 0 0 0 0 0 0 0 0 0 0 0 0 0
"venezuela" 0 0 0 0 0 0 0 0 0 0 0 0 -128.905981779099 -170.417785644531 -31.5727591514587 0 -2.36695096828043 0
"newzealand" 0 0 26.6528427600861 0 0 0 3609.61771011353 1440.18721580505 0 0 0 0 0 0 0 0 0 0
"oceania" 0 0 0 0 0 0 1643.16058158875 2887.50314712524 2087.17608451843 193.323463201523 0 0 20.4087160527706 962.317824363708 140.953361988068 0 0 0
"china" 0 0 0 -3684.69381332397 0 -29.9481898546219 -21488.0752563477 -23151.0620117188 -17929.8076629639 -9219.37370300293 -27.7728736400604 -8.7229460477829 -485.906600952148 -818.834662437439 0 0 0 0
"japan" 0 0 0 -184.651404619217 0 0 -3075.5410194397 -4112.86926269531 -6229.75444793701 -418.647527694702 0 0 0 0 0 0 0 0
"korea" 0 0 0 0 0 0 0 -1378.70693206787 -550.439834594727 0 0 0 0 0 0 0 0 0
"india" 0 0 0 0 0 0 1160.9947681427 548.667430877686 467.754423618317 729.475855827332 257.164031267166 0 0 3074.00465011597 20391.6168212891 12353.0302047729 866.859138011932 0
"eastasia" 0 0 0 1090.19124507904 132.016867399216 0 0 156.561821699142 12760.3673934937 1069.12100315094 0 0 488.717496395111 0 0 0 0 0
"seasia" 0 0 0 0 0 0 1239.12143707275 471.015632152557 3.162014298141 0 0 0 13581.9549560547 11351.3622283936 8155.38024902344 0 0 0
"southasia" 0 0 0 0 0 0 0 107.124611735344 1091.18902683258 1.5583235071972 0.248318421654403 0 459.09595489502 3125.57792663574 1477.79428958893 0 0 0
"us" 0 0 0 4.99182287603617 1430.49967288971 120.13752758503 44591.9876098633 52336.5631103516 103445.3125 10086.8034362793 16086.9750976562 1481.43875598907 0 0 0 0 0 0
"canada" 0 0 1309.72492694855 49822.2579956055 14883.3389282227 0 0 411.95473074913 88287.9486083984 159579.650878906 33698.2612609863 0 0 0 0 0 0 0
"mexico" 0 0 0 0 0 0 83.0060243606567 328.747153282166 2025.0825881958 169.14664208889 -113.995030522346 -138.089492917061 1545.27390003204 2892.78388023376 2167.06538200378 723.130643367767 -40.0711819529533 0
"latinamer" 0 84.2782557010651 621.145367622375 779.439449310303 1705.61790466309 100.576899945736 3473.99044036865 2608.88910293579 2366.07766151428 1536.94295883179 890.573024749756 329.271912574768 25510.2043151855 13598.1941223145 5886.05976104736 308.29793214798 198.602020740509 0
"eu27" 0 0 -24.6989689767361 -37470.6954956055 -651.695609092712 0 -14021.4061737061 -85429.3975830078 -338664.794921875 -39394.4053649902 0 0 0 0 0 0 0 0
"uk" 0 0 -97.2616225481033 -14.4580621272326 0 0 -148.47120642662 -2550.98867416382 -4558.32767486572 0 0 0 0 0 0 0 0 0
"russia" 0 0 0 25152.8930664062 8143.50605010986 549.112200737 0 96.5681374073029 7133.31890106201 21666.1968231201 3163.31720352173 0 0 0 0 0 0 0
"efta" 0 0 -88.050551712513 -1100.36206245422 223.20967912674 0 0 0 -525.410294532776 0 0 0 0 0 0 0 0 0
"mena" 0 0 0 4.04873583465815 27.5683384388685 0 0 319.184541702271 8853.47080230713 15173.526763916 4505.41067123413 15.3019763529301 0 0 0 0 0 0
"ssa" 0 0 0 0 0 0 0 11785.4862213135 7891.85476303101 1410.92360019684 63.8074055314064 0 46325.8590698242 68134.5825195312 62835.823059082 10148.2534408569 414.456486701965 0
"restofworld" 0 0 6.53941929340363 466.923981904984 1608.31260681152 86.1049965023994 563.232421875 2844.17700767517 50444.0841674805 14564.0363693237 42.4708500504494 0 0 0 0 0 0 0
