"angdrc" 0 0 0 0 0 0 0 0 761.4386677742 678.725302219391 0 0 1078.27997207642 4793.37120056152 5905.86566925049 1279.06489372253 0 0
"argentina" 0 0 0 27.9920231550932 43.1083180010319 32.9818427562714 494.55851316452 0 258.590638637543 417.604982852936 379.920959472656 40.2237176895142 0 0 0 0 0 0
"bolivia" 0 0 0 0 0 0 -16.5794752538204 -21.1563613265753 -74.4351074099541 -170.922890305519 0 0 -267.989099025726 -1900.834441185 -1010.17665863037 -329.798519611359 0 0
"brasil" 0 0 0 0 0 0 9715.4712677002 0 0 0 0 0 54939.2166137695 18175.2681732178 3328.45377922058 0 0 0
"colombia" 0 0 0 0 0 0 27.1349884569645 3.13471676781774 0 0 0 0 2260.12825965881 26.5708975493908 -0.158062903210521 0 0 0
"ghana" 0 0 0 0 0 0 0 0 0 0 0 0 27392.6010131836 27943.5920715332 309.435963630676 0 0 0
"ivorycoast" 0 0 0 0 0 0 0 0 0 0 0 0 70553.8177490234 12533.1134796143 -579.786479473114 0 0 0
"indonesia" 0 0 0 0 0 0 0 0 0 0 0 0 1039.66641426086 22.6329304277897 -20.6263326108456 0 0 0
"madagascar" 0 0 0 0 0 0 0 0 0 0 0 0 26722.9347229004 1721.03381156921 938.949704170227 0 0 0
"malasya" 0 0 0 0 0 0 0 0 0 0 0 0 926.353335380554 0 0 0 0 0
"mozambique" 0 0 0 0 0 0 0 0 0 0 0 0 0 3033.63633155823 6436.22016906738 1852.43463516235 0 0
"myanmar" 0 0 0 0 0 0 138.391822576523 1156.92162513733 0 0 0 0 0 3238.16680908203 1326.22802257538 0 0 0
"nigeria" 0 0 0 0 0 0 0 0 0 0 0 0 4254.45032119751 27511.2037658691 1673.94864559174 0 0 0
"paraguay" 0 0 0 0 0 0 99.4594842195511 0 0 0 0 0 -249.622911214828 0 0 0 0 0
"peru" 0 0 0 0 0 0 2382.49802589417 3140.65647125244 1439.09382820129 1665.98320007324 4057.73544311523 226.004868745804 6826.59482955933 762.176036834717 606.876134872437 531.071543693542 288.641095161438 176.040276885033
"uruguay" 0 0 0 0 0 0 0 0 0 0 0 0 0 0 0 0 0 0
"venezuela" 0 0 0 0 0 0 0 0 0 0 0 0 137.247771024704 157.172977924347 31.8799465894699 0 1.64157070685178 0
"newzealand" 0 0 -14.5181016996503 0 0 0 -2234.58456993103 -880.259335041046 0 0 0 0 0 0 0 0 0 0
"oceania" 0 0 0 0 0 0 -1102.10561752319 -1872.27308750153 -1362.06388473511 -126.453787088394 0 0 -14.047441072762 -660.47203540802 -88.5013341903687 0 0 0
"china" 0 0 0 -679.032146930695 0 4.77338768541813 -4905.86376190186 -8511.44790649414 -6238.48915100098 -1088.56248855591 2.85400100983679 1.45974790211767 -170.783430337906 -151.030257344246 0 0 0 0
"japan" 0 0 0 -94.8219895362854 0 0 -1579.18334007263 -2109.50613021851 -3173.5668182373 -214.581251144409 0 0 0 0 0 0 0 0
"korea" 0 0 0 0 0 0 0 -561.935424804688 -221.478834748268 0 0 0 0 0 0 0 0 0
"india" 0 0 0 0 0 0 1507.60197639465 724.220156669617 626.216769218445 902.58264541626 341.527372598648 0 0 4011.61575317383 26738.5063171387 16727.7507781982 1271.60978317261 0
"eastasia" 0 0 0 705.558300018311 34.2492535710335 0 0 202.057927846909 15574.2292404175 815.550923347473 0 0 597.288846969604 0 0 0 0 0
"seasia" 0 0 0 0 0 0 1805.65643310547 695.031344890594 4.55744937062263 0 0 0 20027.0843505859 16434.944152832 11793.5409545898 0 0 0
"southasia" 0 0 0 0 0 0 0 107.073128223419 1077.10671424866 1.40834227204323 0.119036361866165 0 537.981867790222 3350.49510002136 1570.23525238037 0 0 0
"us" 0 0 0 2.05369712784886 526.498436927795 62.5507384538651 -31910.5339050293 -34930.2978515625 -66634.1705322266 -4841.46022796631 -1706.88021183014 618.566036224365 0 0 0 0 0 0
"canada" 0 0 -989.295244216919 -38716.0491943359 -11803.4229278564 0 0 -326.630920171738 -70428.4973144531 -125353.500366211 -23266.2258148193 0 0 0 0 0 0 0
"mexico" 0 0 0 0 0 0 -113.275922834873 -438.466191291809 -2714.45965766907 821.619868278503 488.531887531281 352.008819580078 -2214.75076675415 -3952.24618911743 -2355.16405105591 10.4310587048531 136.223822832108 0
"latinamer" 0 134.299963712692 993.451952934265 1241.03474617004 2710.78634262085 159.823760390282 5717.70668029785 4335.51454544067 3841.43018722534 2495.02992630005 1425.35829544067 524.195075035095 42694.1909790039 22764.6064758301 9851.51100158691 518.048882484436 343.171834945679 0
"eu27" 0 0 -18.9489237964153 -29192.6136016846 -520.329177379608 0 -11239.3798828125 -66724.4110107422 -261910.461425781 -30477.0965576172 0 0 0 0 0 0 0 0
"uk" 0 0 -19.2077085375786 -6.26003229990602 0 0 -97.3704755306244 -1729.25448417664 -3102.03504562378 0 0 0 0 0 0 0 0 0
"russia" 0 0 0 31669.6357727051 9939.71061706543 665.437757968903 0 119.773745536804 8619.10820007324 26341.381072998 3864.04228210449 0 0 0 0 0 0 0
"efta" 0 0 -73.1109753251076 -915.160894393921 148.453056812286 0 0 0 -515.433251857758 0 0 0 0 0 0 0 0 0
"mena" 0 0 0 4.47316886857152 31.4286090433598 0 0 379.011392593384 10904.7756195068 18136.0359191895 4792.77276992798 14.601917937398 0 0 0 0 0 0
"ssa" 0 0 0 0 0 0 0 15141.4394378662 10145.565032959 1779.46281433105 80.0704061985016 0 59058.1359863281 87729.3930053711 81223.1292724609 12852.9167175293 523.724257946014 0
"restofworld" 0 0 7.20453355461359 485.045373439789 1688.2905960083 88.683195412159 634.336709976196 3144.83547210693 58716.8083190918 16129.6653747559 44.4287434220314 0 0 0 0 0 0 0
