"angdrc" -1.09477496147156 0 1
"argentina" -11.289083480835 0 1
"bolivia" -15.2950115203857 0 1
"brasil" -135.211059570312 0 1
"colombia" -58.8197860717773 0 1
"ghana" -195.701995849609 0 1
"ivorycoast" -244.334335327148 0 1
"indonesia" -8.82216644287109 0 1
"madagascar" 0.404049277305603 0 1
"malasya" 22.3395042419434 0 1
"mozambique" -0.455574363470078 0 1
"myanmar" -0.924667358398438 0 1
"nigeria" 4.78839588165283 0 1
"paraguay" -31.9806632995605 0 1
"peru" -24.605052947998 0 1
"uruguay" 0.415789306163788 0 1
"venezuela" 3.79654216766357 0 1
"newzealand" 1.55786085128784 0 1
"oceania" 1.60201132297516 0 1
"china" 80.0018310546875 0 1
"japan" 21.5041255950928 0 1
"korea" 8.35494041442871 0 1
"india" 25.7244510650635 0 1
"eastasia" 3.59801864624023 0 1
"seasia" 47.1371421813965 0 1
"southasia" 2.73434090614319 0 1
"us" 82.2106018066406 0 1
"canada" 18.5586719512939 0 1
"mexico" 4.53399324417114 0 1
"latinamer" 15.5494079589844 0 1
"eu27" 164.129669189453 0 1
"uk" -23.9751110076904 0 1
"russia" -3.34928178787231 0 1
"efta" -9.65882396697998 0 1
"mena" -0.76371955871582 0 1
"ssa" 24.1116046905518 0 1
"restofworld" 8.09985065460205 0 1
