"angdrc" 0 0 0 0 0 0 0 0 523.72020483017 467.63676404953 0 0 689.831972122192 3214.85424041748 4074.25117492676 884.88644361496 0 0
"argentina" 0 0 0 9.83569957315922 15.1518248021603 11.5098152309656 825.902700424194 0 1160.61401367188 727.28419303894 183.449536561966 14.3518354743719 0 0 0 0 0 0
"bolivia" 0 0 0 0 0 0 -17.5079647451639 -20.60167491436 -77.9101699590683 -187.82576918602 0 0 -281.462430953979 -2070.03688812256 -1139.83941078186 -379.672557115555 0 0
"brasil" 0 0 0 0 0 0 -1067.62194633484 0 0 0 0 0 -5686.73706054688 4513.74530792236 477.025330066681 0 0 0
"colombia" 0 0 0 0 0 0 -39.3606461584568 1.13885127939284 0 0 0 0 1648.31376075745 -0.214734114706516 -1.76407070830464 0 0 0
"ghana" 0 0 0 0 0 0 0 0 0 0 0 0 27238.9640808105 27647.5257873535 303.820997476578 0 0 0
"ivorycoast" 0 0 0 0 0 0 0 0 0 0 0 0 65071.5789794922 9750.99945068359 -785.684883594513 0 0 0
"indonesia" 0 0 0 0 0 0 0 0 0 0 0 0 529.700398445129 9.78869199752808 -14.1572952270508 0 0 0
"madagascar" 0 0 0 0 0 0 0 0 0 0 0 0 23899.5494842529 1533.86044502258 836.70699596405 0 0 0
"malasya" 0 0 0 0 0 0 0 0 0 0 0 0 803.942203521729 0 0 0 0 0
"mozambique" 0 0 0 0 0 0 0 0 0 0 0 0 0 1442.97432899475 3069.53191757202 873.924732208252 0 0
"myanmar" 0 0 0 0 0 0 90.7387584447861 758.495032787323 0 0 0 0 0 2071.89893722534 885.547280311584 0 0 0
"nigeria" 0 0 0 0 0 0 0 0 0 0 0 0 3945.59836387634 25532.2494506836 1560.15431880951 0 0 0
"paraguay" 0 0 0 0 0 0 17.3435136675835 0 0 0 0 0 -362.966388463974 0 0 0 0 0
"peru" 0 0 0 0 0 0 2396.65055274963 3159.60264205933 1447.63898849487 1675.94218254089 4082.54051208496 227.353289723396 6879.5166015625 766.289830207825 610.276103019714 534.058690071106 290.34012556076 177.09669470787
"uruguay" 0 0 0 0 0 0 0 0 0 0 0 0 0 0 0 0 0 0
"venezuela" 0 0 0 0 0 0 0 0 0 0 0 0 -81.9580405950546 -108.736805617809 -20.3721206635237 0 -1.51835067663342 0
"newzealand" 0 0 -18.1228052824736 0 0 0 -2583.65082740784 -1026.43013000488 0 0 0 0 0 0 0 0 0 0
"oceania" 0 0 0 0 0 0 -983.122527599335 -1619.44913864136 -1159.36470031738 -109.486266970634 0 0 -13.8133587315679 -636.251866817474 -81.2603235244751 0 0 0
"china" 0 0 0 1619.69685554504 0 18.3581449091434 10825.252532959 10164.1597747803 7391.76321029663 4603.39975357056 16.0610321909189 5.26978448033333 237.316220998764 436.108827590942 0 0 0 0
"japan" 0 0 0 -136.221319437027 0 0 -2271.64077758789 -3046.4551448822 -4582.34596252441 -308.980524539948 0 0 0 0 0 0 0 0
"korea" 0 0 0 0 0 0 0 -811.810374259949 -327.300727367401 0 0 0 0 0 0 0 0 0
"india" 0 0 0 0 0 0 1078.46903800964 488.730311393738 350.37750005722 673.797965049744 208.570152521133 0 0 2985.14294624329 18483.4403991699 10248.0964660645 500.398874282837 0
"eastasia" 0 0 0 417.447984218597 23.9156968891621 0 0 96.4747667312622 7944.20957565308 424.82602596283 0 0 315.870702266693 0 0 0 0 0
"seasia" 0 0 0 0 0 0 1035.17460823059 397.792458534241 3.01854638382792 0 0 0 11300.1146316528 9529.20436859131 7671.19884490967 0 0 0
"southasia" 0 0 0 0 0 0 0 68.4080421924591 715.695142745972 0.874680874403566 0.071195769123733 0 385.947942733765 2290.38262367249 1069.708943367 0 0 0
"us" 0 0 0 0.457474670838565 83.637535572052 21.0029818117619 -27066.7400360107 -30141.1094665527 -50934.700012207 -4933.38251113892 -3844.7790145874 196.051076054573 0 0 0 0 0 0
"canada" 0 0 -788.150310516357 -30769.811630249 -9467.94033050537 0 0 -282.292664051056 -57031.9595336914 -100364.059448242 -19095.2033996582 0 0 0 0 0 0 0
"mexico" 0 0 0 0 0 0 -119.658812880516 -461.913675069809 -2820.85371017456 1286.91673278809 658.01614522934 435.359239578247 -2382.79151916504 -4164.53552246094 -2233.82902145386 416.114926338196 177.852749824524 0
"latinamer" 0 110.280454158783 816.409826278687 1018.89443397522 2224.31468963623 131.08928501606 4717.96894073486 3588.05084228516 3162.49752044678 2052.97327041626 1170.02868652344 429.899215698242 35464.5118713379 18869.8558807373 8183.09593200684 428.896218538284 287.038713693619 0
"eu27" 0 0 -20.418357104063 -31481.1248779297 -563.343048095703 0 -12141.2162780762 -71360.6567382812 -278034.484863281 -32613.166809082 0 0 0 0 0 0 0 0
"uk" 0 0 -25.4218466579914 -7.17359688133001 0 0 -106.288522481918 -1879.24003601074 -3369.78435516357 0 0 0 0 0 0 0 0 0
"russia" 0 0 0 21903.4309387207 6833.25672149658 453.247010707855 0 82.5419872999191 5928.74336242676 18112.9608154297 2655.31349182129 0 0 0 0 0 0 0
"efta" 0 0 -79.5193016529083 -995.993614196777 153.537541627884 0 0 0 -576.10559463501 0 0 0 0 0 0 0 0 0
"mena" 0 0 0 3.8846367970109 27.0063616335392 0 0 315.713375806808 9003.34358215332 15225.266456604 4193.84384155273 13.308341614902 0 0 0 0 0 0
"ssa" 0 0 0 0 0 0 0 11582.5119018555 7487.98036575317 1319.24080848694 59.2998042702675 0 44899.0173339844 66082.1228027344 58646.6445922852 9346.51756286621 387.393653392792 0
"restofworld" 0 0 6.01432286202908 415.938585996628 1437.55376338959 76.0740712285042 525.709390640259 2634.5386505127 47808.3877563477 13407.886505127 37.8576368093491 0 0 0 0 0 0 0
