"angdrc" 0 0 0 0 0 0 0 0 523.50527048111 467.266887426376 0 0 694.040417671204 3220.76463699341 4072.08013534546 884.005427360535 0 0
"argentina" 0 0 0 9.93852503597736 15.3101086616516 11.631328612566 828.381538391113 0 1163.1875038147 729.761600494385 184.821620583534 14.4947599619627 0 0 0 0 0 0
"bolivia" 0 0 0 0 0 0 -17.4421146512032 -20.444193854928 -77.4658024311066 -186.846688389778 0 0 -279.980927705765 -2063.08674812317 -1134.90617275238 -377.615123987198 0 0
"brasil" 0 0 0 0 0 0 -949.501395225525 0 0 0 0 0 -4935.18733978271 4831.55250549316 532.678365707397 0 0 0
"colombia" 0 0 0 0 0 0 -289.841264486313 -6.82985642924905 0 0 0 0 -876.682043075562 -105.346024036407 -7.86340236663818 0 0 0
"ghana" 0 0 0 0 0 0 0 0 0 0 0 0 27235.1417541504 27638.8454437256 303.645968437195 0 0 0
"ivorycoast" 0 0 0 0 0 0 0 0 0 0 0 0 65343.3074951172 9808.9542388916 -786.964058876038 0 0 0
"indonesia" 0 0 0 0 0 0 0 0 0 0 0 0 679.053068161011 11.340094730258 -17.2825884073973 0 0 0
"madagascar" 0 0 0 0 0 0 0 0 0 0 0 0 23934.0934753418 1535.66670417786 837.653994560242 0 0 0
"malasya" 0 0 0 0 0 0 0 0 0 0 0 0 836.44962310791 0 0 0 0 0
"mozambique" 0 0 0 0 0 0 0 0 0 0 0 0 0 1435.78410148621 3051.68318748474 868.849515914917 0 0
"myanmar" 0 0 0 0 0 0 92.9716825485229 777.139663696289 0 0 0 0 0 2122.11275100708 906.067609786987 0 0 0
"nigeria" 0 0 0 0 0 0 0 0 0 0 0 0 3957.43322372437 25596.2028503418 1564.661860466 0 0 0
"paraguay" 0 0 0 0 0 0 16.6214648634195 0 0 0 0 0 -338.330984115601 0 0 0 0 0
"peru" 0 0 0 0 0 0 2412.44220733643 3178.62796783447 1457.63683319092 1685.52780151367 4097.71823883057 228.688061237335 6838.05847167969 784.850299358368 618.895769119263 541.899561882019 290.898382663727 177.95667052269
"uruguay" 0 0 0 0 0 0 0 0 0 0 0 0 0 0 0 0 0 0
"venezuela" 0 0 0 0 0 0 0 0 0 0 0 0 -33.3207026124001 -49.0169152617455 -8.79584159702063 0 -0.790555845014751 0
"newzealand" 0 0 -18.245181068778 0 0 0 -2588.53626251221 -1028.93483638763 0 0 0 0 0 0 0 0 0 0
"oceania" 0 0 0 0 0 0 -979.664623737335 -1615.96620082855 -1157.11665153503 -109.272569417953 0 0 -13.7197114527225 -632.508993148804 -81.0772255063057 0 0 0
"china" 0 0 0 1645.63179016113 0 18.3735005557537 11041.5916442871 10461.3904953003 7601.69076919556 4666.36419296265 16.1035656929016 5.26680424809456 243.975386023521 443.048804998398 0 0 0 0
"japan" 0 0 0 -135.384783148766 0 0 -2257.98273086548 -3027.76432037354 -4553.85971069336 -307.072460651398 0 0 0 0 0 0 0 0
"korea" 0 0 0 0 0 0 0 -811.124324798584 -327.073454856873 0 0 0 0 0 0 0 0 0
"india" 0 0 0 0 0 0 1094.51019763947 495.910465717316 355.234920978546 682.461857795715 211.327508091927 0 0 3026.38101577759 18734.447479248 10384.2601776123 506.71398639679 0
"eastasia" 0 0 0 424.967706203461 22.8260532021523 0 0 102.870121598244 8405.67016601562 443.062216043472 0 0 332.190722227097 0 0 0 0 0
"seasia" 0 0 0 0 0 0 1059.65065956116 406.837999820709 3.07591212913394 0 0 0 11568.9888000488 9739.1242980957 7819.47994232178 0 0 0
"southasia" 0 0 0 0 0 0 0 70.6920772790909 735.365867614746 0.892086420208216 0.0600515631958842 0 409.717202186584 2359.96389389038 1101.25374794006 0 0 0
"us" 0 0 0 0.37744507426396 62.8257244825363 19.0406683832407 -26952.9399871826 -30050.609588623 -51036.4837646484 -5010.11610031128 -3974.00856018066 174.615323543549 0 0 0 0 0 0
"canada" 0 0 -774.094700813293 -30203.1307220459 -9290.52543640137 0 0 -277.062177658081 -56410.400390625 -98736.1755371094 -18659.9807739258 0 0 0 0 0 0 0
"mexico" 0 0 0 0 0 0 -122.073739767075 -470.403909683228 -2881.78968429565 1332.34190940857 677.833199501038 447.393536567688 -2426.31864547729 -4239.98737335205 -2263.24677467346 439.157962799072 182.994827628136 0
"latinamer" 0 109.174519777298 808.081030845642 1008.51988792419 2201.8187046051 129.788473248482 4664.30711746216 3554.22639846802 3130.81216812134 2031.43739700317 1158.12659263611 425.612390041351 35155.2886962891 18708.0078125 8124.70436096191 424.355387687683 283.657968044281 0
"eu27" 0 0 -20.5701291561127 -31677.6485443115 -566.697001457214 0 -12208.9958190918 -71824.1577148438 -279830.200195312 -32829.5860290527 0 0 0 0 0 0 0 0
"uk" 0 0 -28.1582102179527 -7.47595960274339 0 0 -108.224868774414 -1909.8824262619 -3424.18479919434 0 0 0 0 0 0 0 0 0
"russia" 0 0 0 20910.4347229004 6532.6623916626 428.296744823456 0 78.9443999528885 5696.49887084961 17361.3128662109 2538.3243560791 0 0 0 0 0 0 0
"efta" 0 0 -79.8036158084869 -999.292731285095 155.017971992493 0 0 0 -575.797736644745 0 0 0 0 0 0 0 0 0
"mena" 0 0 0 3.92999220639467 27.3128747940063 0 0 319.258540868759 9095.78323364258 15391.1762237549 4241.91284179688 13.4687088429928 0 0 0 0 0 0
"ssa" 0 0 0 0 0 0 0 11641.2754058838 7522.06993103027 1324.56970214844 59.528261423111 0 45105.9036254883 66390.4190063477 58900.1388549805 9384.59396362305 388.958692550659 0
"restofworld" 0 0 6.02150661870837 417.237043380737 1441.90716743469 76.2943401932716 528.069615364075 2646.3463306427 47986.6180419922 13449.2664337158 37.9607751965523 0 0 0 0 0 0 0
