"angdrc" 0 0 0 0 0 0 0 0 565.410494804382 507.285237312317 0 0 686.064422130585 3376.0449886322 4408.99085998535 963.32323551178 0 0
"argentina" 0 0 0 10.9401075169444 16.8536752462387 12.809420004487 879.932880401611 0 1222.93031215668 771.458745002747 200.08510351181 15.946613624692 0 0 0 0 0 0
"bolivia" 0 0 0 0 0 0 -19.3000100553036 -24.6581733226776 -88.4532332420349 -211.406111717224 0 0 -316.025644540787 -2244.69518661499 -1250.42152404785 -425.821542739868 0 0
"brasil" 0 0 0 0 0 0 -1229.65383529663 0 0 0 0 0 -6565.58513641357 5883.00704956055 627.362728118896 0 0 0
"colombia" 0 0 0 0 0 0 -35.5939045548439 1.25782261602581 0 0 0 0 1687.32357025146 1.33209675550461 -1.67429132852703 0 0 0
"ghana" 0 0 0 0 0 0 0 0 0 0 0 0 27239.4237518311 27650.9037017822 303.905844688416 0 0 0
"ivorycoast" 0 0 0 0 0 0 0 0 0 0 0 0 65032.7911376953 9743.483543396 -785.384058952332 0 0 0
"indonesia" 0 0 0 0 0 0 0 0 0 0 0 0 570.761620998383 9.77948773652315 -13.2167097181082 0 0 0
"madagascar" 0 0 0 0 0 0 0 0 0 0 0 0 23871.8566894531 1532.25350379944 835.849165916443 0 0 0
"malasya" 0 0 0 0 0 0 0 0 0 0 0 0 884.834766387939 0 0 0 0 0
"mozambique" 0 0 0 0 0 0 0 0 0 0 0 0 0 1437.9175901413 3062.25728988647 871.673464775085 0 0
"myanmar" 0 0 0 0 0 0 90.8192098140717 758.829474449158 0 0 0 0 0 2073.02594184875 885.981917381287 0 0 0
"nigeria" 0 0 0 0 0 0 0 0 0 0 0 0 3852.17094421387 25018.5317993164 1517.68946647644 0 0 0
"paraguay" 0 0 0 0 0 0 -22.7075014263391 0 0 0 0 0 -1257.96985626221 0 0 0 0 0
"peru" 0 0 0 0 0 0 2407.11259841919 3173.16436767578 1453.88340950012 1683.14790725708 4100.11529922485 228.352457284927 6904.77085113525 769.077003002167 612.821817398071 536.279559135437 291.581630706787 177.872002124786
"uruguay" 0 0 0 0 0 0 0 0 0 0 0 0 0 0 0 0 0 0
"venezuela" 0 0 0 0 0 0 0 0 0 0 0 0 -71.023166179657 -94.1366851329803 -17.7908223122358 0 -1.315385568887 0
"newzealand" 0 0 -17.8759209811687 0 0 0 -2564.60952758789 -1018.1360244751 0 0 0 0 0 0 0 0 0 0
"oceania" 0 0 0 0 0 0 -984.653830528259 -1621.45292758942 -1160.89415550232 -109.692603349686 0 0 -13.8436816632748 -637.426376342773 -81.3073068857193 0 0 0
"china" 0 0 0 1638.04757595062 0 18.7460817396641 10934.720993042 10210.9136581421 7428.94887924194 4666.24927520752 16.3781046867371 5.38366613909602 238.719835877419 441.142439842224 0 0 0 0
"japan" 0 0 0 -136.348158121109 0 0 -2273.4317779541 -3049.04556274414 -4586.56406402588 -309.266924858093 0 0 0 0 0 0 0 0
"korea" 0 0 0 0 0 0 0 -813.48705291748 -327.50079035759 0 0 0 0 0 0 0 0 0
"india" 0 0 0 0 0 0 1067.30556488037 484.198182821274 346.310377120972 666.393518447876 205.611497163773 0 0 2958.03236961365 18299.072265625 10131.6928863525 492.864489555359 0
"eastasia" 0 0 0 425.825983285904 26.0084569454193 0 0 95.719113945961 7874.89032745361 428.873628377914 0 0 314.912140369415 0 0 0 0 0
"seasia" 0 0 0 0 0 0 1033.28275680542 396.659970283508 3.01331607624888 0 0 0 11275.2847671509 9514.73808288574 7657.47880935669 0 0 0
"southasia" 0 0 0 0 0 0 0 67.6114484667778 708.837449550629 0.868405622895807 0.0804608498583548 0 381.792038679123 2263.94248008728 1057.36911296844 0 0 0
"us" 0 0 0 0.53916743490845 105.523183941841 23.196492344141 -27232.2177886963 -30406.7077636719 -52021.9497680664 -4962.56303787231 -3771.49510383606 219.649374485016 0 0 0 0 0 0
"canada" 0 0 -790.427148342133 -30834.7587585449 -9488.94691467285 0 0 -283.693432807922 -57300.163269043 -100543.304443359 -19146.2898254395 0 0 0 0 0 0 0
"mexico" 0 0 0 0 0 0 -120.48377096653 -465.825647115707 -2858.08300971985 1266.68894290924 656.017780303955 435.431569814682 -2389.89591598511 -4176.77879333496 -2240.37957191467 401.56078338623 177.539348602295 0
"latinamer" 0 113.365761935711 838.285088539124 1047.23680019379 2287.57405281067 134.899020195007 4795.96900939941 3630.52797317505 3231.31275177002 2100.45909881592 1201.82490348816 442.26548075676 35681.1676025391 19058.9447021484 8225.38471221924 433.943420648575 285.967707633972 0
"eu27" 0 0 -20.4175598919392 -31506.2408447266 -562.554478645325 0 -12137.5598907471 -71292.6788330078 -277893.432617188 -32585.3500366211 0 0 0 0 0 0 0 0
"uk" 0 0 -24.6190708130598 -7.10712606087327 0 0 -106.124088168144 -1876.5664100647 -3365.48852920532 0 0 0 0 0 0 0 0 0
"russia" 0 0 0 21576.1337280273 6864.66979980469 459.201514720917 0 82.073763012886 5987.93268203735 18218.5821533203 2657.17887878418 0 0 0 0 0 0 0
"efta" 0 0 -79.6945095062256 -997.803270816803 153.954982757568 0 0 0 -576.574504375458 0 0 0 0 0 0 0 0 0
"mena" 0 0 0 3.83865926414728 26.5675336122513 0 0 307.661890983582 8697.11494445801 14882.0753097534 4170.49217224121 13.4204998612404 0 0 0 0 0 0
"ssa" 0 0 0 0 0 0 0 11496.8662261963 7430.75799942017 1312.2832775116 59.0348541736603 0 44634.880065918 65628.0746459961 58184.2422485352 9293.84803771973 385.375320911407 0
"restofworld" 0 0 5.98208419978619 416.011154651642 1436.57350540161 76.1510655283928 522.656857967377 2621.07849121094 47373.8174438477 13331.4418792725 37.8360971808434 0 0 0 0 0 0 0
