"angdrc" 0 0 0 0 0 0 0 0 467.25857257843 420.408606529236 0 0 537.700057029724 2740.92364311218 3643.58854293823 798.717856407166 0 0
"argentina" 0 0 0 8.86597950011492 13.657458126545 10.3684961795807 789.303779602051 0 1119.29798126221 696.307897567749 169.251203536987 12.9498988389969 0 0 0 0 0 0
"bolivia" 0 0 0 0 0 0 -17.774909734726 -21.3089548051357 -79.6568840742111 -191.541656851768 0 0 -286.921203136444 -2095.12567520142 -1158.371925354 -387.614965438843 0 0
"brasil" 0 0 0 0 0 0 -1293.62440109253 0 0 0 0 0 -7387.37201690674 3247.642993927 242.411851882935 0 0 0
"colombia" 0 0 0 0 0 0 -28.1300470232964 1.48109428118914 0 0 0 0 1744.53008174896 4.27835993468761 -1.48863007780164 0 0 0
"ghana" 0 0 0 0 0 0 0 0 0 0 0 0 27157.3295593262 27575.0370025635 303.190231323242 0 0 0
"ivorycoast" 0 0 0 0 0 0 0 0 0 0 0 0 282881.195068359 98477.0812988281 2684.63492393494 0 0 0
"indonesia" 0 0 0 0 0 0 0 0 0 0 0 0 -649.015188217163 -7.30319460853934 -10.9125282615423 0 0 0
"madagascar" 0 0 0 0 0 0 0 0 0 0 0 0 22028.7284851074 1417.64080524445 773.813843727112 0 0 0
"malasya" 0 0 0 0 0 0 0 0 0 0 0 0 328.94104719162 0 0 0 0 0
"mozambique" 0 0 0 0 0 0 0 0 0 0 0 0 0 1246.61540985107 2679.16202545166 766.248941421509 0 0
"myanmar" 0 0 0 0 0 0 41.896179318428 367.67640709877 0 0 0 0 0 976.635098457336 461.279511451721 0 0 0
"nigeria" 0 0 0 0 0 0 0 0 0 0 0 0 3844.91586685181 24914.4134521484 1542.00673103333 0 0 0
"paraguay" 0 0 0 0 0 0 7.60693941265345 0 0 0 0 0 -374.473392963409 0 0 0 0 0
"peru" 0 0 0 0 0 0 2364.45379257202 3118.70622634888 1428.43556404114 1653.81121635437 4029.53195571899 224.263712763786 6832.06748962402 758.524656295776 602.450728416443 527.273178100586 286.590605974197 174.737006425858
"uruguay" 0 0 0 0 0 0 0 0 0 0 0 0 0 0 0 0 0 0
"venezuela" 0 0 0 0 0 0 0 0 0 0 0 0 -85.4990109801292 -112.789392471313 -21.1894158273935 0 -1.56047428026795 0
"newzealand" 0 0 -19.9694596230984 0 0 0 -2801.65553092957 -1115.13805389404 0 0 0 0 0 0 0 0 0 0
"oceania" 0 0 0 0 0 0 -1138.76867294312 -1894.84190940857 -1342.22722053528 -126.507669687271 0 0 -15.4743129387498 -718.598484992981 -94.4993421435356 0 0 0
"china" 0 0 0 1217.3125743866 0 13.3773032575846 8262.08209991455 7890.06280899048 5681.97298049927 3439.6984577179 11.7593109607697 3.82420257665217 184.883207082748 332.943946123123 0 0 0 0
"japan" 0 0 0 -140.040725469589 0 0 -2335.79206466675 -3132.50660896301 -4712.52059936523 -317.667901515961 0 0 0 0 0 0 0 0
"korea" 0 0 0 0 0 0 0 -833.327531814575 -336.404025554657 0 0 0 0 0 0 0 0 0
"india" 0 0 0 0 0 0 758.508205413818 348.477423191071 234.942600131035 442.062139511108 141.884967684746 0 0 2124.96018409729 12778.5549163818 6922.49393463135 310.329437255859 0
"eastasia" 0 0 0 369.857788085938 17.9422311484814 0 0 89.1752541065216 7364.05324935913 376.219213008881 0 0 294.906944036484 0 0 0 0 0
"seasia" 0 0 0 0 0 0 889.244139194489 346.180081367493 2.69243353977799 0 0 0 9719.8657989502 8242.36679077148 6821.63953781128 0 0 0
"southasia" 0 0 0 0 0 0 0 43.986514210701 494.522571563721 0.582130218390375 0.0978325915639289 0 259.220898151398 1659.25812721252 760.60152053833 0 0 0
"us" 0 0 0 0.24160643806681 24.47110414505 15.7927367836237 -28897.4800109863 -31415.0772094727 -52895.3170776367 -5279.17289733887 -4431.09369277954 123.36839735508 0 0 0 0 0 0
"canada" 0 0 -818.379938602448 -31967.9737091064 -9849.65515136719 0 0 -311.065077781677 -59385.2195739746 -104209.747314453 -19945.4326629639 0 0 0 0 0 0 0
"mexico" 0 0 0 0 0 0 -122.629433870316 -472.374737262726 -2927.18553543091 1110.26060581207 607.169806957245 415.549784898758 -2405.5027961731 -4229.92897033691 -2371.05369567871 220.898658037186 165.386646986008 0
"latinamer" 0 108.337059617043 802.106022834778 1000.89168548584 2184.85593795776 128.761500120163 4638.27323913574 3529.6950340271 3108.30497741699 2017.54117012024 1149.41596984863 422.267556190491 34910.6826782227 18569.7174072266 8055.83572387695 421.943664550781 282.702654600143 0
"eu27" 0 0 -20.5046869814396 -31207.4661254883 -572.950482368469 0 -12130.8631896973 -71355.5603027344 -278012.20703125 -32726.6387939453 0 0 0 0 0 0 0 0
"uk" 0 0 -30.1657877862453 -7.56244966760278 0 0 -107.042945921421 -1887.5538110733 -3384.16862487793 0 0 0 0 0 0 0 0 0
"russia" 0 0 0 20384.9182128906 6379.51469421387 422.412157058716 0 76.9223421812057 5541.92066192627 16920.9403991699 2479.9222946167 0 0 0 0 0 0 0
"efta" 0 0 -81.2013149261475 -1013.16821575165 146.081447601318 0 0 0 -603.108763694763 0 0 0 0 0 0 0 0 0
"mena" 0 0 0 3.62337054684758 25.0834226608276 0 0 289.714395999908 8191.53594970703 13937.7632141113 3918.24126243591 12.6428082585335 0 0 0 0 0 0
"ssa" 0 0 0 0 0 0 0 10368.8306808472 6666.74041748047 1167.01340675354 52.4208471179008 0 40152.1453857422 59026.4511108398 52065.113067627 8222.15938568115 342.992186546326 0
"restofworld" 0 0 5.84889436140656 403.756141662598 1394.96898651123 73.8360658288002 509.541809558868 2554.80718612671 46308.3267211914 13006.5641403198 36.742240190506 0 0 0 0 0 0 0
