"angdrc" 0 0 0 0 0 0 0 0 515.753269195557 461.884707212448 0 0 666.051685810089 3143.38994026184 4016.11137390137 875.417947769165 0 0
"argentina" 0 0 0 21.1190916597843 32.5230285525322 24.8444341123104 988.1711602211 0 1230.17144203186 883.651673793793 328.399509191513 30.0973802804947 0 0 0 0 0 0
"bolivia" 0 0 0 0 0 0 -14.4395167008042 -13.6570874601603 -59.4282075762749 -147.345721721649 0 0 -220.454722642899 -1752.79331207275 -928.93773317337 -294.04553771019 0 0
"brasil" 0 0 0 0 0 0 807.516515254974 0 0 0 0 0 3755.41400909424 7427.48546600342 915.773510932922 0 0 0
"colombia" 0 0 0 0 0 0 -174.361735582352 -3.96271608769894 0 0 0 0 -443.724930286407 -62.4161846935749 -4.74352017045021 0 0 0
"ghana" 0 0 0 0 0 0 0 0 0 0 0 0 27121.2310791016 27584.5909118652 304.098576307297 0 0 0
"ivorycoast" 0 0 0 0 0 0 0 0 0 0 0 0 38175.2128601074 4483.00266265869 -626.278877258301 0 0 0
"indonesia" 0 0 0 0 0 0 0 0 0 0 0 0 2231.57405853271 62.607541680336 104.553654789925 0 0 0
"madagascar" 0 0 0 0 0 0 0 0 0 0 0 0 18109.5676422119 1168.23410987854 638.15438747406 0 0 0
"malasya" 0 0 0 0 0 0 0 0 0 0 0 0 -64.1028806567192 0 0 0 0 0
"mozambique" 0 0 0 0 0 0 0 0 0 0 0 0 0 948.786318302155 2013.50021362305 575.675964355469 0 0
"myanmar" 0 0 0 0 0 0 69.5211961865425 569.305300712585 0 0 0 0 0 1559.91148948669 653.383374214172 0 0 0
"nigeria" 0 0 0 0 0 0 0 0 0 0 0 0 2907.57608413696 19149.4064331055 1141.74127578735 0 0 0
"paraguay" 0 0 0 0 0 0 49.4279190897942 0 0 0 0 0 -83.9810371398926 0 0 0 0 0
"peru" 0 0 0 0 0 0 1371.9162940979 1798.55418205261 828.228116035461 955.600380897522 2310.59575080872 130.006074905396 3599.30992126465 445.994436740875 354.273498058319 310.084581375122 164.11554813385 100.833542644978
"uruguay" 0 0 0 0 0 0 0 0 0 0 0 0 0 0 0 0 0 0
"venezuela" 0 0 0 0 0 0 0 0 0 0 0 0 6.4064459875226 0.85926940664649 0.86616410408169 0 -0.161609175847843 0
"newzealand" 0 0 6.46275095641613 0 0 0 1424.40485954285 541.867971420288 0 0 0 0 0 0 0 0 0 0
"oceania" 0 0 0 0 0 0 659.20501947403 984.536290168762 758.456528186798 67.9616034030914 0 0 12.3686110600829 532.906591892242 48.7510897219181 0 0 0
"china" 0 0 0 838.940501213074 0 7.20072630792856 5630.67770004272 6106.65798187256 4354.37488555908 2211.66324615479 6.59596361219883 2.05151317641139 131.514221429825 214.125633239746 0 0 0 0
"japan" 0 0 0 -224.905282258987 0 0 -3754.67681884766 -5021.76856994629 -7616.1150932312 -510.538101196289 0 0 0 0 0 0 0 0
"korea" 0 0 0 0 0 0 0 -1600.57532787323 -647.261261940002 0 0 0 0 0 0 0 0 0
"india" 0 0 0 0 0 0 823.509216308594 376.421213150024 278.394043445587 511.118292808533 156.28607571125 0 0 2241.04928970337 14124.6910095215 7865.17906188965 409.234344959259 0
"eastasia" 0 0 0 707.800149917603 95.3081250190735 0 0 71.7997178435326 6247.33781814575 624.538540840149 0 0 255.840808153152 0 0 0 0 0
"seasia" 0 0 0 0 0 0 643.734812736511 242.25640296936 1.98723562061787 0 0 0 6925.22716522217 5965.61431884766 5018.40782165527 0 0 0
"southasia" 0 0 0 0 0 0 0 70.6910267472267 743.307828903198 1.04079558514059 0.212879822356626 0 339.348942041397 2152.90856361389 1009.28008556366 0 0 0
"us" 0 0 0 3.8074254989624 1080.2960395813 93.2282209396362 22954.3991088867 25893.3029174805 43456.5582275391 5637.3405456543 10247.2171783447 1099.67160224915 0 0 0 0 0 0
"canada" 0 0 584.992051124573 22460.319519043 6809.5178604126 0 0 209.837809205055 39173.5572814941 71255.9509277344 15461.3876342773 0 0 0 0 0 0 0
"mexico" 0 0 0 0 0 0 50.2230003476143 200.246065855026 1111.34219169617 -399.313867092133 -227.756977081299 -153.979003429413 1013.89634609222 1798.25472831726 1056.1375617981 -49.3591278791428 -64.1327276825905 0
"latinamer" 0 63.0821883678436 464.412033557892 582.708239555359 1275.56610107422 75.3124877810478 2574.9979019165 1946.93768024445 1766.70217514038 1146.62098884583 665.780425071716 246.454775333405 19032.8388214111 10181.9114685059 4429.85248565674 229.009866714478 145.795717835426 0
"eu27" 0 0 -25.9609911590815 -39121.2844848633 -689.16130065918 0 -14717.7886962891 -88588.5162353516 -347691.223144531 -41053.1616210938 0 0 0 0 0 0 0 0
"uk" 0 0 -92.4232080578804 -14.4687201827765 0 0 -155.649334192276 -2684.95607376099 -4798.50578308105 0 0 0 0 0 0 0 0 0
"russia" 0 0 0 15652.193069458 5278.4309387207 348.439991474152 0 61.6310238838196 4726.99356079102 14201.0192871094 2051.20277404785 0 0 0 0 0 0 0
"efta" 0 0 -94.2326784133911 -1171.72718048096 220.624521374702 0 0 0 -587.867736816406 0 0 0 0 0 0 0 0 0
"mena" 0 0 0 3.46705550327897 22.9148175567389 0 0 249.28916990757 6598.03915023804 11922.3794937134 3951.65538787842 14.5580526441336 0 0 0 0 0 0
"ssa" 0 0 0 0 0 0 0 9231.00471496582 6042.6139831543 1087.81862258911 49.2646098136902 0 36434.4749450684 53012.7716064453 47457.0655822754 7732.3899269104 319.504171609879 0
"restofworld" 0 0 5.61661412939429 417.122364044189 1427.37817764282 77.1062150597572 482.92475938797 2467.2589302063 42095.8480834961 12546.2036132812 37.701103836298 0 0 0 0 0 0 0
