"angdrc" 0 0 0 0 0 0 0 0 650.04551410675 589.563250541687 0 0 647.221028804779 3649.53851699829 5082.70168304443 1124.9452829361 0 0
"argentina" 0 0 0 21.2612226605415 32.7501930296421 24.991113692522 1044.57426071167 0 1308.90250205994 921.239495277405 336.133301258087 30.5448733270168 0 0 0 0 0 0
"bolivia" 0 0 0 0 0 0 -20.3170217573643 -27.6945494115353 -95.7065224647522 -226.216822862625 0 0 -337.91846036911 -2337.78762817383 -1328.65452766418 -459.82027053833 0 0
"brasil" 0 0 0 0 0 0 18814.0068054199 0 0 0 0 0 111212.615966797 33082.1571350098 6015.29407501221 0 0 0
"colombia" 0 0 0 0 0 0 43.0919863283634 3.57309752143919 0 0 0 0 2362.39957809448 32.7875055372715 0.252389465458691 0 0 0
"ghana" 0 0 0 0 0 0 0 0 0 0 0 0 27236.7382049561 27741.0621643066 306.448936462402 0 0 0
"ivorycoast" 0 0 0 0 0 0 0 0 0 0 0 0 64639.5568847656 9709.73587036133 -778.072834014893 0 0 0
"indonesia" 0 0 0 0 0 0 0 0 0 0 0 0 424.760758876801 7.86407664418221 7.30237551033497 0 0 0
"madagascar" 0 0 0 0 0 0 0 0 0 0 0 0 22934.0705871582 1475.670337677 805.400252342224 0 0 0
"malasya" 0 0 0 0 0 0 0 0 0 0 0 0 866.156578063965 0 0 0 0 0
"mozambique" 0 0 0 0 0 0 0 0 0 0 0 0 0 1308.22420120239 2830.75976371765 801.587820053101 0 0
"myanmar" 0 0 0 0 0 0 89.8242294788361 742.676138877869 0 0 0 0 0 2030.55953979492 865.31013250351 0 0 0
"nigeria" 0 0 0 0 0 0 0 0 0 0 0 0 3730.74531555176 24206.1176300049 1471.76325321198 0 0 0
"paraguay" 0 0 0 0 0 0 -156.901285052299 0 0 0 0 0 -821.299314498901 0 0 0 0 0
"peru" 0 0 0 0 0 0 2376.26767158508 3132.61413574219 1435.33957004547 1661.65947914124 4047.40047454834 225.411534309387 6815.04058837891 760.21409034729 605.254411697388 529.659628868103 287.896037101746 175.584852695465
"uruguay" 0 0 0 0 0 0 0 0 0 0 0 0 0 0 0 0 0 0
"venezuela" 0 0 0 0 0 0 0 0 0 0 0 0 -647.210597991943 -802.859783172607 -155.436307191849 0 -9.97526198625565 0
"newzealand" 0 0 -14.3824853003025 0 0 0 -2308.18891525269 -905.367374420166 0 0 0 0 0 0 0 0 0 0
"oceania" 0 0 0 0 0 0 -1038.77449035645 -1691.98417663574 -1226.52542591095 -115.666300058365 0 0 -15.0141902267933 -686.948657035828 -84.2861980199814 0 0 0
"china" 0 0 0 1888.9434337616 0 26.3818502426147 12730.9455871582 10562.183380127 7742.83170700073 5796.90265655518 22.3781913518906 7.63617176562548 259.167194366455 530.425310134888 0 0 0 0
"japan" 0 0 0 -141.159534454346 0 0 -2352.21433639526 -3155.2267074585 -4749.56703186035 -320.19704580307 0 0 0 0 0 0 0 0
"korea" 0 0 0 0 0 0 0 -815.41520357132 -328.269779682159 0 0 0 0 0 0 0 0 0
"india" 0 0 0 0 0 0 970.631957054138 448.666453361511 315.634399652481 603.083372116089 182.62580037117 0 0 2747.10917472839 16866.382598877 9181.64253234863 435.646295547485 0
"eastasia" 0 0 0 494.435876607895 46.136163175106 0 0 87.5971913337708 7084.10263061523 464.338600635529 0 0 300.921261310577 0 0 0 0 0
"seasia" 0 0 0 0 0 0 1029.32834625244 390.127956867218 2.92542343959212 0 0 0 10889.1458511353 9516.89910888672 7455.54256439209 0 0 0
"southasia" 0 0 0 0 0 0 0 60.8471930027008 666.758894920349 0.863821478560567 0.215072257560678 0 345.432221889496 2094.18320655823 965.857684612274 0 0 0
"us" 0 0 0 1.47045613266528 358.584582805634 48.1688641011715 -31055.6030273438 -35814.6667480469 -66876.2512207031 -5320.0044631958 -2890.465259552 490.575343370438 0 0 0 0 0 0
"canada" 0 0 -971.87352180481 -38063.0645751953 -11651.1821746826 0 0 -327.565670013428 -69258.171081543 -123523.590087891 -23100.1358032227 0 0 0 0 0 0 0
"mexico" 0 0 0 0 0 0 -126.904368400574 -491.096556186676 -3015.71655273438 1255.02467155457 664.992868900299 446.571409702301 -2523.73123168945 -4446.41160964966 -2463.73009681702 341.055810451508 180.380150675774 0
"latinamer" 0 115.903168916702 856.401979923248 1070.67859172821 2339.8118019104 138.024657964706 4869.85969543457 3660.70556640625 3287.85252571106 2139.64557647705 1228.2726764679 452.434539794922 35794.8226928711 19138.298034668 8239.87007141113 438.109874725342 286.151468753815 0
"eu27" 0 0 -20.9074802696705 -32689.7087097168 -565.580725669861 0 -12441.8678283691 -73115.3945922852 -285772.583007812 -33325.8781433105 0 0 0 0 0 0 0 0
"uk" 0 0 -3.45700792968273 -5.49064530059695 0 0 -104.827687144279 -1879.48298454285 -3376.06763839722 0 0 0 0 0 0 0 0 0
"russia" 0 0 0 24077.2476196289 7911.31496429443 534.153461456299 0 93.7452018260956 6961.67945861816 21095.4933166504 3068.57895851135 0 0 0 0 0 0 0
"efta" 0 0 -79.7944813966751 -1004.24003601074 169.227957725525 0 0 0 -555.307745933533 0 0 0 0 0 0 0 0 0
"mena" 0 0 0 3.82476579397917 26.0616205632687 0 0 290.578663349152 8119.0013885498 14201.3740539551 4225.89874267578 14.3206808716059 0 0 0 0 0 0
"ssa" 0 0 0 0 0 0 0 10776.704788208 7001.25217437744 1264.92691040039 57.3423802852631 0 42425.9414672852 61959.6176147461 54742.2218322754 8929.20684814453 371.599644422531 0
"restofworld" 0 0 5.96487615257502 426.287114620209 1467.93162822723 78.3105939626694 520.003914833069 2623.29006195068 46489.0060424805 13348.858833313 38.6900715529919 0 0 0 0 0 0 0
