"angdrc" 0 0 0 0 0 0 0 0 509.136199951172 460.235208272934 0 0 533.931612968445 2902.88066864014 3979.81977462769 877.501428127289 0 0
"argentina" 0 0 0 9.97901894152164 15.372583642602 11.6782700642943 843.606412410736 0 1181.88261985779 740.707397460938 186.005532741547 14.5568260923028 0 0 0 0 0 0
"bolivia" 0 0 0 0 0 0 -19.5697508752346 -25.3712832927704 -90.2153104543686 -215.157747268677 0 0 -321.536213159561 -2270.05577087402 -1269.12081241608 -433.831602334976 0 0
"brasil" 0 0 0 0 0 0 -1456.08949661255 0 0 0 0 0 -8269.41204071045 4622.30396270752 393.440544605255 0 0 0
"colombia" 0 0 0 0 0 0 -24.3455450981855 1.60025444347411 0 0 0 0 1783.66255760193 5.83168165758252 -1.3984392862767 0 0 0
"ghana" 0 0 0 0 0 0 0 0 0 0 0 0 27157.8617095947 27578.6037445068 303.278565406799 0 0 0
"ivorycoast" 0 0 0 0 0 0 0 0 0 0 0 0 282890.563964844 98489.860534668 2685.97221374512 0 0 0
"indonesia" 0 0 0 0 0 0 0 0 0 0 0 0 -608.050584793091 -7.30998162180185 -9.96419601142406 0 0 0
"madagascar" 0 0 0 0 0 0 0 0 0 0 0 0 22000.5378723145 1416.00465774536 772.940158843994 0 0 0
"malasya" 0 0 0 0 0 0 0 0 0 0 0 0 409.776210784912 0 0 0 0 0
"mozambique" 0 0 0 0 0 0 0 0 0 0 0 0 0 1241.52421951294 2671.83613777161 763.984739780426 0 0
"myanmar" 0 0 0 0 0 0 41.9718772172928 367.969334125519 0 0 0 0 0 977.649033069611 461.656749248505 0 0 0
"nigeria" 0 0 0 0 0 0 0 0 0 0 0 0 3751.33419036865 24399.8832702637 1499.47357177734 0 0 0
"paraguay" 0 0 0 0 0 0 -32.9920873045921 0 0 0 0 0 -1273.19884300232 0 0 0 0 0
"peru" 0 0 0 0 0 0 2374.95994567871 3132.32135772705 1434.70621109009 1661.04650497437 4047.17588424683 225.267201662064 6857.29694366455 761.321544647217 605.008125305176 529.50394153595 287.83717751503 175.515547394753
"uruguay" 0 0 0 0 0 0 0 0 0 0 0 0 0 0 0 0 0 0
"venezuela" 0 0 0 0 0 0 0 0 0 0 0 0 -74.5406001806259 -98.1579050421715 -18.6024345457554 0 -1.35707342997193 0
"newzealand" 0 0 -19.7225473821163 0 0 0 -2782.63902664185 -1106.85241222382 0 0 0 0 0 0 0 0 0 0
"oceania" 0 0 0 0 0 0 -1140.38145542145 -1896.98970317841 -1343.86444091797 -126.723006367683 0 0 -15.5053175985813 -719.812154769897 -94.5527404546738 0 0 0
"china" 0 0 0 1235.66794395447 0 13.7663474306464 8371.62780761719 7936.5668296814 5718.98221969604 3502.65312194824 12.0772337540984 3.9384113624692 186.283737421036 337.984681129456 0 0 0 0
"japan" 0 0 0 -140.168935060501 0 0 -2337.60786056519 -3135.12706756592 -4716.79019927979 -317.957639694214 0 0 0 0 0 0 0 0
"korea" 0 0 0 0 0 0 0 -835.015475749969 -336.610317230225 0 0 0 0 0 0 0 0 0
"india" 0 0 0 0 0 0 747.295379638672 343.91713142395 230.848148465157 434.621214866638 138.910263776779 0 0 2097.70059585571 12593.1549072266 6805.43804168701 302.728742361069 0
"eastasia" 0 0 0 378.266125917435 20.0441535562277 0 0 88.4148105978966 7294.22378540039 380.274206399918 0 0 293.939709663391 0 0 0 0 0
"seasia" 0 0 0 0 0 0 887.349128723145 345.043689012527 2.68716202117503 0 0 0 9694.94819641113 8227.85758972168 6807.85846710205 0 0 0
"southasia" 0 0 0 0 0 0 0 43.1809946894646 487.608402967453 0.575778307393193 0.107136773294769 0 255.068153142929 1632.63118267059 748.16906452179 0 0 0
"us" 0 0 0 0.334027718054131 46.5386398136616 18.0038437247276 -29064.7068023682 -31682.3539733887 -53987.0223999023 -5308.22658538818 -4356.87351226807 147.158935666084 0 0 0 0 0 0
"canada" 0 0 -820.756554603577 -32036.9644165039 -9871.87767028809 0 0 -312.488317489624 -59659.4314575195 -104401.718139648 -19998.6267089844 0 0 0 0 0 0 0
"mexico" 0 0 0 0 0 0 -123.457342386246 -476.29913687706 -2964.48945999146 1090.09265899658 605.195999145508 415.637254714966 -2412.67728805542 -4242.32959747314 -2377.75993347168 206.369608640671 165.079519152641 0
"latinamer" 0 111.435264348984 824.0727186203 1029.35123443604 2248.3766078949 132.586941123009 4716.65382385254 3572.41249084473 3177.4206161499 2065.22846221924 1181.34427070618 434.684455394745 35128.9367675781 18759.8152160645 8098.53363037109 427.016317844391 281.631708145142 0
"eu27" 0 0 -20.5046869814396 -31233.7551116943 -572.182893753052 0 -12127.6245117188 -71290.3137207031 -277882.873535156 -32700.1495361328 0 0 0 0 0 0 0 0
"uk" 0 0 -29.3542109429836 -7.49543774873018 0 0 -106.88054561615 -1884.93061065674 -3379.96435165405 0 0 0 0 0 0 0 0 0
"russia" 0 0 0 20058.7730407715 6411.70978546143 428.430259227753 0 76.4621943235397 5601.93347930908 17028.8734436035 2482.088804245 0 0 0 0 0 0 0
"efta" 0 0 -81.3779681921005 -1014.9929523468 146.510779857635 0 0 0 -603.573560714722 0 0 0 0 0 0 0 0 0
"mena" 0 0 0 3.57760721817613 24.6452055871487 0 0 281.693637371063 7885.92147827148 13595.6916809082 3895.28441429138 12.7563774585724 0 0 0 0 0 0
"ssa" 0 0 0 0 0 0 0 10283.1649780273 6609.50803756714 1160.05635261536 52.155863493681 0 39887.2871398926 58571.9680786133 51602.0622253418 8169.49272155762 340.973913669586 0
"restofworld" 0 0 5.81660401076078 403.835594654083 1394.00720596313 73.9146173000336 506.485819816589 2541.33796691895 45872.7340698242 12930.0231933594 36.7212072014809 0 0 0 0 0 0 0
